0.	-0.1850220277541555	0.7925981507140863	0.	0.
0.01	-0.15405785151241358	0.8036364481577029	1.5931700403370996e-14	2.3592239273284576e-13
0.02	-0.12258803275570607	0.8137475093387585	1.0421663532156344e-12	-8.08242361927114e-14
0.03	-0.09062774319850864	0.8229062359626628	1.0824674490095276e-14	1.93389748659456e-12
0.04	-0.05819274478939662	0.8310858247470199	-8.159029007970275e-13	-2.578715019296851e-12
0.05	-0.025341511961608165	0.8382436322322229	3.2839286845387505e-12	-6.625144877148159e-12
0.06	0.007913568457468212	0.844344298413842	-4.983347068332478e-12	-6.203482172395525e-12
0.07	0.0414996366411271	0.8493535132291845	-4.863887070882811e-13	-2.672972954087527e-12
0.08	0.07540318541332236	0.8532419721107183	-1.622535439338435e-12	-3.738787057727677e-12
0.09	0.10955443561017197	0.8559693801314117	5.862255125776983e-12	1.5725198920790717e-12
0.1	0.14391037596315392	0.8575095600916108	-1.0179523890485598e-11	-9.385714427878611e-12
0.11	0.17842236474826434	0.8578325721939355	-1.0732248423295232e-11	-2.215672090244425e-12
0.12	0.21304060689040868	0.8569052994807524	-4.4037690161147225e-11	-1.444500075109545e-11
0.13	0.24771180265170553	0.8547090308264987	-1.4839729445270677e-10	-5.172862138635992e-12
0.14	0.282362501902217	0.8512072385161836	-4.40707859095113e-10	-3.503419776507144e-12
0.15	0.3169506641014779	0.8463778282042483	-1.1499371455059304e-9	9.836431669185686e-11
0.16	0.35140229055864763	0.8402024045678128	-2.799615483883855e-9	4.37612057702097e-10
0.17	0.38566731459324577	0.8326535164130504	-6.434349275608042e-9	1.4874941278719689e-9
0.18	0.4196612549224749	0.8237141061075107	-1.4062952302662524e-8	4.200351400029945e-9
0.19	0.4533254313376901	0.8133729079174873	-2.9319054073440043e-8	1.0753295143217656e-8
0.2	0.4865920761716275	0.8016036730429466	-5.8589840701284146e-8	2.5488129162809514e-8
0.21	0.5193745790072202	0.7884006888518885	-1.1279549705367486e-7	5.682954906660598e-8
0.22	0.5516125011735031	0.7737475736566837	-2.0986417004209557e-7	1.202948600731446e-7
0.23	0.5832233013075309	0.7576434380800702	-3.7869965496817315e-7	2.4366430606548306e-7
0.24	0.6141263752893726	0.7400738017171998	-6.645140244732062e-7	4.7502533850884987e-7
0.25	0.6442441493615293	0.7210383342591785	-1.136634318998908e-6	8.954617598533332e-7
0.26	0.673492284995836	0.7005360292323566	-1.899321335985249e-6	1.6382876157905457e-6
0.27	0.701784412875713	0.6785718552431684	-3.1064680201531303e-6	2.9181460290406136e-6
0.28	0.7290400354087514	0.6551431396338766	-4.981457033315095e-6	5.073744902328592e-6
0.29	0.755170983110459	0.6302630654674353	-7.844016088331962e-6	8.630360297301465e-6
0.3	0.7800880463255112	0.6039414902397492	-0.000012145205526725711	0.000014389838212447437
0.31	0.8036960357634344	0.5761913382769783	-0.000018513843954126585	0.000023558394985800923
0.32	0.8259102892157031	0.547031366285011	-0.000027816421737658636	0.00003792703310501189
0.33	0.8466396824406135	0.5164837391196289	-0.00004123486625373651	0.00006012304423463899
0.34	0.8657903032142564	0.48457031661381944	-0.00006036630407391108	0.00009395827781610855
0.35	0.8832682907513412	0.4513248592961436	-0.00008735069921095295	0.00014490772049596812
0.36	0.8989837174805264	0.4167757263297658	-0.00012503376000383426	0.0002207621949238403
0.37	0.9128425151830708	0.3809657610724164	-0.00017717421040042147	0.00033251333800365934
0.38	0.9247528776201143	0.3439403392368557	-0.0002487073036873122	0.0004955468691121845
0.39	0.9346214298036826	0.30574885054280704	-0.00034607983471701687	0.0007312424893030078
0.4	0.9423622596855092	0.26645109174447007	-0.0004776766807925714	0.0010691096188350513
0.41	0.9478894494522622	0.22611532438214238	-0.0006543637470065589	0.001549625484270678
0.42	0.9511212323078257	0.18481966345958134	-0.0008901853332003995	0.0022279918963568623
0.43	0.9519694965321441	0.1426513576071861	-0.0012032575303162485	0.003179089072775254
0.44	0.9503768790657866	0.09973849285488873	-0.0016169187262046192	0.00450399322620626
0.45	0.9462731315976946	0.0562050847014513	-0.00216122816127462	0.006338506546556988
0.46	0.939601090541376	0.012216599809120487	-0.0028749139441511806	0.008864320564543948
0.47	0.9303251316574708	-0.03203086975979297	-0.0038079255422567293	0.012323556914584533
0.48	0.9184197975868296	-0.07628427369672758	-0.005024809829469845	0.017037699238214965
0.49	0.9038917256555964	-0.12022991742227357	-0.00660916767475872	0.023432147121492053
0.5	0.8867539399200989	-0.16348052494458737	-0.008669628824380715	0.03206805168655741
0.51	0.8670884650965821	-0.20551955087397344	-0.011347781865247764	0.043683492454616
0.52	0.8450074162928628	-0.24569689261625566	-0.014828920218760144	0.059246657429940175
0.53	0.8206744051783299	-0.28317819710758096	-0.019356537936166096	0.08002443035867363
0.54	0.794343543685143	-0.31686920648212824	-0.025251861933932473	0.10767079570732457
0.55	0.7663607487422094	-0.3453502181444277	-0.032940539196452456	0.14434056695624708
0.56	0.7371907409365273	-0.3667702278072408	-0.042988902227119374	0.19283560961175672
0.57	0.7074519556019999	-0.3787065052314078	-0.05615349692175542	0.25679273303768557
0.58	0.6779508928857072	-0.37798608100396247	-0.0734488065436586	0.34092485961249464
0.59	0.6497269232528042	-0.36045312603267965	-0.09624006411207864	0.4513302991897511
0.6	0.6241120850941775	-0.32065136102143205	-0.1263705227402412	0.5958894732058613
0.61	0.6027908052764159	-0.25141838416810397	-0.16633629152610574	0.7847729579326745
0.62	0.5878771686854941	-0.1433444879007919	-0.21952683435043052	1.0310922503770277
0.63	0.5820031976980329	0.01593940822347839	-0.29055580846034224	1.3517327361829938
0.64	0.5884131058367712	0.24269777220060743	-0.385717078436252	1.7684190461222313
0.65	0.6110635904669974	0.5583329496211659	-0.5136139653769072	2.3090772462514653
0.66	0.6547259966177574	0.9910201100509882	-0.686027931464259	3.009574780617445
0.67	0.725064598302875	1.5778776728911998	-0.9191197443162866	3.915941533893677
0.68	0.8286828089807456	2.3678406495342794	-1.2350924680931579	5.087201255970848
0.69	0.973087128221982	3.4254794513950175	-1.6644965003042858	6.598976834078176
0.7	1.1665084137186652	4.836079138869295	-2.249430516538058	8.548070627455182
0.71	1.4174918560103835	6.712412495114451	-3.0479921057191897	11.058271714202924
0.72	1.7340875856438376	9.203788818494989	-4.140478080013612	14.287689887714997
0.73	2.122418603794274	12.50817575130878	-5.638040842406304	18.437979296395582
0.74	2.5842566955214172	16.88847705524602	-7.694792101875193	23.765864550342233
0.75	3.1130418965613664	22.694452457989506	-10.524775004468406	30.59741513579015