0.	-0.14551161623974984	0.470586646484076	0.	0.
0.01	-0.1338320093014218	0.47659654594111345	2.1316282072803006e-14	2.842170943040401e-14
0.02	-0.12187912764683517	0.48234198856327737	1.2434497875801753e-13	3.552713678800501e-14
0.03	-0.10966516902044532	0.48780828407135957	1.2434497875801753e-13	1.6342482922482304e-13
0.04	-0.09720305990238565	0.4929810671220629	-7.549516567451064e-14	5.293543381412746e-13
0.05	-0.08450468392961863	0.4978457813191568	7.123190925995004e-13	-4.583000645652646e-13
0.06	-0.07158443771925516	0.502388682566604	9.032774528350274e-13	2.3447910280083306e-13
0.07	-0.05845683812610858	0.5065962484762458	-9.832135106080386e-13	-3.552713678800501e-15
0.08	-0.04513708039928943	0.510455359303382	-2.7711166694643907e-13	-2.1671553440683056e-13
0.09	-0.03164161954349076	0.5139535058372608	4.085620730620576e-14	6.927791673660977e-13
0.1	-0.01798665677291922	0.5170764448832834	7.194245199571014e-13	-8.490985692333197e-13
0.11	-0.0041883983004984415	0.5198159512899174	1.3811174426336947e-12	5.3290705182007514e-14
0.12	0.009734467521832713	0.5221591366683285	-9.00612917575927e-13	1.5347723092418164e-12
0.13	0.023763444931736544	0.5240953597309037	-1.0267342531733448e-12	-2.5224267119483557e-13
0.14	0.03787943685756545	0.5256145630956972	-2.646771690706373e-13	1.4779288903810084e-12
0.15	0.05206275427943119	0.5267073390938428	-3.2951419370874646e-13	6.963318810448982e-13
0.16	0.0662931330028762	0.527364918022954	3.090860900556436e-12	-2.3092638912203256e-12
0.17	0.08054979360209558	0.5275792239332127	-1.8758328224066645e-12	1.545430450278218e-12
0.18	0.09481271763862331	0.5273436865437731	-1.942446203884174e-12	-1.8474111129762605e-13
0.19	0.10905750411333415	0.5266501503343726	4.725109192804666e-13	1.4459544672718039e-12
0.2	0.12326323312781362	0.5254936186460313	-5.631051180898794e-13	-1.3500311979441904e-13
0.21	0.13740725837518486	0.5238691255614434	-4.283684518213704e-12	3.126388037344441e-13
0.22	0.1514665385063374	0.5217725464829819	-1.0867751143450732e-11	4.831690603168681e-12
0.23	0.16541768804488477	0.5192006692036486	-2.4591884084657067e-11	1.5770496020195424e-11
0.24	0.17923701897137612	0.5161511736237436	-5.064748620497994e-11	3.277023097325582e-11
0.25	0.19290059755586775	0.5126227277124755	-1.0601297617540695e-10	8.108358429126383e-11
0.26	0.20638426774835317	0.5086149573604217	-2.1162804841878824e-10	1.688711392944242e-10
0.27	0.21966320767751313	0.5041293673073639	-4.034621525761395e-10	3.523688008044701e-10
0.28	0.23271402108554007	0.4991659728523068	-7.446292471513516e-10	7.030287463294371e-10
0.29	0.24551171273894035	0.49372842931050087	-1.3423999689621269e-9	1.3753513883330015e-9
0.3	0.2580318073002168	0.48782065495932514	-2.368608420511009e-9	2.613631977510522e-9
0.31	0.27024991564759304	0.481447712453857	-4.0918006760648495e-9	4.856284263610178e-9
0.32	0.2821417987352106	0.4746158356092103	-6.92008050862114e-9	8.837986342769e-9
0.33	0.2936834336869385	0.467332484632049	-1.1491776419347843e-8	1.576087882426691e-8
0.34	0.3048510802223756	0.459606349755072	-1.877253019699765e-8	2.7586130713075363e-8
0.35	0.3156213991211203	0.4514473980186864	-3.018195293691406e-8	4.747660753423588e-8
0.36	0.3259715049620251	0.4428668924181718	-4.782370766065469e-8	8.042495736049204e-8
0.37	0.3358790831053202	0.43387742657406214	-7.478084462775314e-8	1.3426081935108414e-7
0.38	0.3453224858537407	0.42449295446710167	-1.1554238987798726e-7	2.2111812647551687e-7
0.39	0.3542795202098983	0.4147286534066108	-1.7663734475092951e-7	3.5964673905652944e-7
0.4	0.36273287774523766	0.40460162006208833	-2.67517954455343e-7	5.78337793655237e-7
0.41	0.37066223936355236	0.3941298437796945	-4.0194726658171476e-7	9.203706241578402e-7
0.42	0.3780497824229041	0.38333296269811257	-6.00113152060544e-7	1.4509505188442517e-6
0.43	0.38487898321223923	0.3722321100236581	-8.918326876994342e-7	2.2682502152093775e-6
0.44	0.39113474238541635	0.3608499118784785	-1.3217662182540835e-6	3.5198931840341174e-6
0.45	0.39680357433703684	0.349210533396505	-1.957885546133298e-6	5.42793781832529e-6
0.46	0.40187376683180354	0.3373396700183786	-2.9055124777244146e-6	8.327404801278249e-6
0.47	0.406335573133358	0.325264596067818	-4.331804790425053e-6	0.00001272623712367249
0.48	0.41018140435529027	0.31301415006609723	-6.508633482837922e-6	0.000019400835588712084
0.49	0.4134060692387216	0.30061877435286455	-9.891546286056041e-6	0.00002955128419834807
0.5	0.4160072239274637	0.2881108506719894	-0.000015269705512466203	0.00004506070928300687
0.51	0.4179847106934016	0.2755233483900579	-0.000024065112365079244	0.00006894191571582553
0.52	0.41934221328559396	0.2628919118782953	-0.00003896325079999485	0.00010613267302694851
0.53	0.4200866442494693	0.25025346090060907	-0.00006533531624342004	0.000164958149817096
0.54	0.4202287244230849	0.2376465614412293	-0.00011472293977199399	0.0002598743370008094
0.55	0.4197833323598221	0.22511142427273256	-0.000214258846323645	0.0004164335847782752
0.56	0.4187699169542789	0.21268991152624572	-0.00043508182173290777	0.0006776375040971061
0.57	0.41721297344157904	0.20042553859104828	-0.0009847884209968072	0.0010854767896724127
0.58	0.41514253522186095	0.1883634681867008	-0.002433772394960343	0.0013872066799152094
0.59	0.41259477090493135	0.17655051471986027	-0.00482823502174945	-0.00023574106597124
0.6	0.40961262884647276	0.16503512039489543	-0.004706441475569534	-0.003567582330511243
0.61	0.40624660809061375	0.15386733608880476	-0.0034530568198807288	-0.005312813978177289
0.62	0.4025556053409236	0.1430987617624826	-0.002941700461343899	-0.0068315547717343605
0.63	0.3986078949755196	0.13278248112109559	-0.0032508444222525412	-0.009625052025070246
0.64	0.39448223539305793	0.12297293055876501	-0.0052522065689437625	-0.01647946632688324
0.65	0.39026911383461105	0.11372571963730493	-0.021507725970153047	-0.04288509529464868
0.66	0.3860727315692358	0.1050962183013926	-0.04030403878868505	0.07305301379884455
0.67	0.38201003572908476	0.09714390498135117	-0.0062539045549367955	0.03159790465589474
0.68	0.3782161552631429	0.08992517867813632	-0.004858519670124295	0.02275299232234218
0.69	0.37484351391663573	0.08349752520438969	-0.005571789833886953	0.019597102445175096
0.7	0.3720643322017665	0.07791817292369707	-0.006914091260545874	0.01815362690630984
0.71	0.37007256329098226	0.07324407230561292	-0.008550936750463478	0.017295769124775262
0.72	0.36908629693225947	0.06953172188494072	-0.010299518323062529	0.016588831927299097
0.73	0.3693486149231475	0.06683965333883357	-0.012023074240364195	0.01585748138259291
0.74	0.37113400885392167	0.06522719611457539	-0.013621525664742506	0.015043384098564871
0.75	0.3747473741280203	0.06475738848671853	-0.015026273508532029	0.01413767854032244
0.76	0.38052919021583875	0.0654992700690169	-0.016187775795437176	0.013145701491385609
0.77	0.38885771792843116	0.0675310718811506	-0.01706021706519678	0.012071058318706918
0.78	0.40015072568316157	0.07094490523063612	-0.017587593937530954	0.010911064530031211
0.79	0.41486578141129726	0.07585388101184698	-0.01769249616194557	0.009657941627230215
0.8	0.4334966288118878	0.08240101864242355	-0.017266940775105155	0.008302612032546008
0.81	0.45656079783445946	0.09077082343149634	-0.01616412345464724	0.006839867510906927
0.82	0.48458643424041625	0.101212163476049	-0.014190303404678417	0.0052749734476709165
0.83	0.5180799248694967	0.11406738658604709	-0.011096569251197508	0.0036324006082271154
0.84	0.5574611486458494	0.12980118876843605	-0.006571067332433955	0.001967881488067036
0.85	0.6029747829562915	0.14905613414418006	-0.0002335223186236135	0.00038546909896020054
0.86	0.6545208381261105	0.1727240363924345	0.00836409895976331	-0.0009384456570806776
0.87	0.7113954737856858	0.20203604742018655	0.019723256875323614	-0.0017217352265959107
0.88	0.771831413372503	0.23868458148422178	0.034356276730960644	-0.0015318053702060297
0.89	0.8322827886127229	0.28497793263854376	0.052687634533988614	0.00027082749681284213
0.9	0.8861298217732667	0.3440050096849987	0.07484521541832123	0.004593230513133761
0.91	0.9214986046344578	0.41979771048247017	0.10023471303187392	0.012647661137759059
0.92	0.9173277756299214	0.5173620662273386	0.12668087593727506	0.025879547620561993
0.93	0.8360610158416222	0.6422205511941641	0.14868087140918362	0.04553344967821715
0.94	0.6093427130173126	0.7985828854731594	0.15376850038442313	0.07111549551461138
0.95	0.10788366826075446	0.9832270049497822	0.11465881100552622	0.09546161204016101