0.	-0.2650405479195497	0.15011088422820507	0.	0.
0.01	-0.2611453559747128	0.15294320610732726	-4.440892098500626e-15	3.197442310920451e-14
0.02	-0.25706073997646417	0.15572819508243185	-8.881784197001252e-15	-1.4210854715202004e-14
0.03	-0.2527855718896137	0.15846020404505268	-3.108624468950438e-14	3.197442310920451e-14
0.04	-0.24831899095679688	0.16113350753494515	-1.4210854715202004e-14	1.7763568394002505e-14
0.05	-0.2436603163380786	0.16374231524504523	5.773159728050814e-14	1.4210854715202004e-14
0.06	-0.23880905673125952	0.16628079352257075	-2.1316282072803006e-14	-3.552713678800501e-15
0.07	-0.23376491260226206	0.16874306524256966	4.440892098500626e-14	-6.039613253960852e-14
0.08	-0.2285278054567419	0.17112334497985415	7.72715225139109e-14	8.171241461241152e-14
0.09	-0.2230977704372883	0.17341541236204705	4.1744385725905886e-14	1.7053025658242404e-13
0.1	-0.2174751389090961	0.1756134440874817	4.263256414560601e-14	1.3145040611561853e-13
0.11	-0.21166041814057657	0.1777114702064253	7.105427357601002e-14	3.552713678800501e-14
0.12	-0.2056543231796546	0.17970351006306018	-8.881784197001252e-15	-1.7053025658242404e-13
0.13	-0.19945778794733116	0.1815835967201842	-1.794120407794253e-13	-3.552713678800501e-15
0.14	-0.1930719606901956	0.18334578644612876	4.0323300254385686e-13	-1.3500311979441904e-13
0.15	-0.18649821145812773	0.18498415607956176	3.730349362740526e-14	3.552713678800501e-15
0.16	-0.17973813305519215	0.18649283124207017	2.007283228522283e-13	-3.623767952376511e-13
0.17	-0.1727935434304655	0.1878659849026043	2.3092638912203256e-13	-1.4210854715202004e-14
0.18	-0.16566648787382476	0.18909785907410637	-1.4210854715202004e-14	-2.7000623958883807e-13
0.19	-0.1583592420750275	0.19018276674042056	8.704148513061227e-14	8.526512829121202e-14
0.2	-0.1508743098587857	0.19111511588672414	1.1723955140041653e-13	-3.339550858072471e-13
0.21	-0.14321442856548927	0.19188942019723854	1.2967404927621828e-13	-5.755396159656812e-13
0.22	-0.13538256568929086	0.19250030957952013	2.842170943040401e-14	-1.2665424264923786e-12
0.23	-0.12738192054364106	0.19294255091683432	-9.130474154517287e-13	-2.7888802378583932e-12
0.24	-0.11921592612886833	0.19321105322029375	-2.4780177909633494e-12	-5.1247894816697226e-12
0.25	-0.11088824255273622	0.193300899900537	-5.6132876125047915e-12	-1.0135892125617829e-11
0.26	-0.10240276045580465	0.19320735500633468	-1.2121859072067309e-11	-1.9173995724486304e-11
0.27	-0.0937635286027163	0.1929255865498547	-2.6439295197633328e-11	-3.4010128047157195e-11
0.28	-0.0849750282669266	0.19245188248233092	-5.31983346263587e-11	-5.817035741984e-11
0.29	-0.07604174710680311	0.19178186211575365	-1.042828046138311e-10	-9.806733203276963e-11
0.3	-0.06696845731763368	0.19091171912278782	-1.986286690680572e-10	-1.574349539623654e-10
0.31	-0.05776014633359239	0.1898379150220748	-3.646416502078864e-10	-2.4514434926459217e-10
0.32	-0.04842200012910247	0.1885572260745665	-6.519282891304101e-10	-3.666631442911239e-10
0.33	-0.038959401742634014	0.1870667565105748	-1.136392313583201e-9	-5.271587610877759e-10
0.34	-0.02937792046540011	0.1853639613072957	-1.9373231907593436e-9	-7.194689288780864e-10
0.35	-0.019683303558817755	0.183446670703594	-3.2299993790729786e-9	-9.20788778557835e-10
0.36	-0.009881458994913217	0.1813131312273395	-5.273880887557425e-9	-1.0703828934310877e-9
0.37	0.00002154861084768811	0.17896201315743632	-8.4484437223864e-9	-1.0476668421688373e-9
0.38	0.010019522144617099	0.17639245751001909	-1.3286193478734276e-8	-6.253646489540188e-10
0.39	0.020106143958141587	0.1736040997458428	-2.053182335259862e-8	5.893188159689089e-10
0.4	0.030274994023534063	0.17059709780654586	-3.1204388406536054e-8	3.251495073186561e-9
0.41	0.040519577110078586	0.16737217982583985	-4.666392428021027e-8	8.411626950532991e-9
0.42	0.05083334045430199	0.16393066460023853	-6.870383906232291e-8	1.7711672128939426e-8
0.43	0.06120970638413503	0.16027451081544974	-9.96278277654028e-8	3.364828948804188e-8
0.44	0.07164210112672187	0.1564063509923308	-1.4232961831339708e-7	5.994348040161412e-8
0.45	0.08212398627450845	0.15232952816348	-2.0035610326374353e-7	1.0204386136081212e-7
0.46	0.09264890216051747	0.14804814735930094	-2.7791143075717173e-7	1.6778764688751835e-7
0.47	0.10321050999578674	0.1435671147806925	-3.797927359272535e-7	2.68277618786783e-7
0.48	0.11380263858294803	0.13889218189040964	-5.111790173373265e-7	4.1902831604545554e-7
0.49	0.1244193426467941	0.13402999838978058	-6.772219141026881e-7	6.414351663153184e-7
0.5	0.13505495993510586	0.12898815223762483	-8.823097950028114e-7	9.646425107590062e-7
0.51	0.14570419055407768	0.12377523371051513	-1.128886896850645e-6	1.4279025526420241e-6
0.52	0.15636216559675375	0.11840087008561007	-1.4156156016298382e-6	2.0834992184859402e-6
0.53	0.16702454170071768	0.11287578521758412	-1.7346375660309832e-6	3.000358035798456e-6
0.54	0.1776876057086927	0.1072118517478593	-2.0675983769535833e-6	4.268426834652672e-6
0.55	0.18834838507635787	0.10142213438035919	-2.379999674673172e-6	6.00395038441448e-6
0.56	0.19900478365990715	0.09552094198547545	-2.613313968780062e-6	8.355724645969786e-6
0.57	0.2096557273164681	0.08952386520056432	-2.674171334149378e-6	0.000011512395250434793
0.58	0.22030134121490796	0.0834478204014717	-2.419680971144089e-6	0.000015710854987194267
0.59	0.23094323433869768	0.07731131992813234	-1.6377901257413896e-6	0.000021245674166170403
0.6	0.2415843529857522	0.07113350043718736	-2.123268316722715e-8	0.000028479419778904003
0.61	0.2522297890606975	0.06493561594689012	2.8666699645185645e-6	0.000037853514186281245
0.62	0.26288670720213325	0.058740024963031434	7.636595737992025e-6	0.00004989907335950505
0.63	0.2735647748202634	0.05257039939408381	0.00001513088839821819	0.00006524674599672764
0.64	0.2842765480913343	0.046451653467630694	0.00002649771377605248	0.0000846340835340964
0.65	0.2950379044993916	0.04040982180274555	0.000043285898158273994	0.00010890829036624972
0.66	0.3058685518000992	0.03447189852338539	0.00006756562113707787	0.00013902121376307974
0.67	0.316792595439761	0.028665604386578947	0.00010208144473367042	0.00017601214877327465
0.68	0.3278391936647047	0.023019081193350832	0.0001504455877352484	0.00022097235760054623
0.69	0.3390432799906691	0.017560478071569463	0.00021738125162329425	0.00027498296053130034
0.7	0.35044609003345073	0.012317099286574429	0.0003090281485249591	0.0003390148122424108
0.71	0.36209675117547846	0.0073167388441450765	0.0004333244707872552	0.0004137752840005504
0.72	0.37405392851258057	0.002581218413348685	0.0006004847865526131	0.0004994822469159832
0.73	0.38638356681190444	-0.001865536129784573	0.0008235921181274364	0.0005955364351872827
0.74	0.39916450324478703	-0.0060069432324745264	0.0011193344385418413	0.0007000609919380896
0.75	0.412485737997347	-0.009832413770654913	0.0015089119930919992	0.0008092569193511867
0.76	0.4264503182042496	-0.013338488071346077	0.002019150048035101	0.0009165179348666896
0.77	0.4411750891888069	-0.016531289347097466	0.0026838549209138307	0.0010112219469906591
0.78	0.45679120426756015	-0.019429473123892205	0.0035454496707494343	0.0010770954197880656
0.79	0.4734440402886193	-0.02206675835895755	0.004656919743613486	0.0010900121192003454
0.8	0.4912917897768878	-0.024494856237692764	0.0060840820007754814	0.0010150429222648416
0.81	0.5105020759407246	-0.026786341648130874	0.007908151289761634	0.0008025127882180794
0.82	0.5312452916212216	-0.029037112686172817	0.010228500236546978	0.00038273659659004977
0.83	0.5536826679599365	-0.031368111433875745	0.013165359792512987	-0.000341012548825681
0.84	0.5779464430211156	-0.03392242812986601	0.016861928710977026	-0.0015019223003871485
0.85	0.6041059281935155	-0.036862043841051406	0.021484856146681608	-0.003282316763695725
0.86	0.6321126297029878	-0.04035257124917169	0.027221110825433215	-0.005930861459528813
0.87	0.6617100508379323	-0.044532669792711754	0.03426749796855688	-0.009786212937191952
0.88	0.6922855645311543	-0.04946505848420646	0.042805806184311734	-0.015310056582752196
0.89	0.7226209138375879	-0.055032510672324175	0.052950093596386694	-0.02313464621518868
0.9	0.7504747672686989	-0.06076194180677863	0.06464003848949318	-0.034133498429020026
0.91	0.7718542611997847	-0.06550095958023805	0.07742808936993129	-0.04953225180710197
0.92	0.7797100923252529	-0.0668340410247632	0.09005221192158785	-0.07109464060467019
0.93	0.7615090849262884	-0.059978809964254864	0.09955905478285842	-0.1014632085932643
0.94	0.6944183003626918	-0.03568000625804579	0.09943498768794967	-0.14485571775618578
0.95	0.535150904473852	0.024153897678289127	0.07539104941857744	-0.2086829136082642