0.	-0.4047758700001739	0.1411471189835845	0.	0.
0.01	-0.40177774043758313	0.14317275235429427	2.886579864025407e-15	2.4646951146678475e-14
0.02	-0.39857482152281415	0.1451828239340862	2.4802382370125997e-13	2.9742874829707944e-13
0.03	-0.39517299089680635	0.14716871842744872	1.7053025658242404e-13	5.5788706987414116e-14
0.04	-0.3915784545195016	0.1491221810609335	6.23945339839338e-13	8.906209103543006e-13
0.05	-0.3877946200382096	0.1510350932560687	3.2229774404868294e-13	1.4066525722000733e-13
0.06	-0.3838150919544672	0.15291588372875517	4.634626016297716e-13	8.935352457939416e-13
0.07	-0.3796362472550857	0.15474492630480935	9.302558723334187e-13	7.405187574249794e-13
0.08	-0.37526358148952466	0.15652716140006517	1.0508260928077107e-12	-2.529365605852263e-13
0.09	-0.370694585074	0.15825903290779234	5.062616992290714e-14	5.404288128119106e-13
0.1	-0.36592195476644673	0.15992875002990553	7.312483951693594e-13	1.8485213360008856e-14
0.11	-0.3609471570825216	0.16153878232172855	4.791167462769863e-13	-4.246047957678911e-13
0.12	-0.3557861032819257	0.16307886984924339	-3.0137004003449874e-13	-6.4138971911376075e-12
0.13	-0.35041612877270334	0.16454903255491507	-5.513423051439759e-12	-1.6461665364175815e-11
0.14	-0.3448564332798879	0.16594211878480442	-1.4689638394571602e-11	-4.867589664669936e-11
0.15	-0.33909186585431744	0.16725567300055552	-4.6735282310805815e-11	-1.258960158345701e-10
0.16	-0.33313316372145857	0.1684819929789999	-1.363616441985016e-10	-3.080581900682944e-10
0.17	-0.3269763388970437	0.1696150474075732	-3.6225078492435614e-10	-7.12454373275051e-10
0.18	-0.32062262763151367	0.17065626068234982	-8.951047680838542e-10	-1.56325441480476e-9
0.19	-0.3140768952981743	0.17159413400167534	-2.0975354786401113e-9	-3.274056831203964e-9
0.2	-0.3073326572734877	0.17242865215848327	-4.677734533053979e-9	-6.562874910187588e-9
0.21	-0.3003952733947099	0.1731526663747709	-9.978296910961859e-9	-1.2644204155920491e-8
0.22	-0.2932656884389352	0.17376166146343763	-2.0443574721973334e-8	-2.3503252011281006e-8
0.23	-0.28594689650728494	0.17425043262863127	-4.0405632451001594e-8	-4.225144797920244e-8
0.24	-0.27844021638728145	0.17461377100327702	-7.72824893524593e-8	-7.36529536249364e-8
0.25	-0.27074087436069527	0.17484625623116354	-1.4344562387913484e-7	-1.2474734004119803e-7
0.26	-0.2628633371394571	0.17494643532989274	-2.5904105127594335e-7	-2.0566094771634624e-7
0.27	-0.2548017938293294	0.17490669325204733	-4.5611495641528776e-7	-3.3052817141610014e-7
0.28	-0.24655943675156758	0.17472049940044068	-7.846149461254726e-7	-5.184997076967957e-7
0.29	-0.23813818936369757	0.17438418525207416	-1.3208850394574867e-6	-7.947429063182021e-7
0.3	-0.22954639555657458	0.17389558224168095	-2.1795916249900404e-6	-1.1912036966266193e-6
0.31	-0.22078430809825395	0.17324828079979548	-3.5301610096794e-6	-1.7468966464762037e-6
0.32	-0.21185438639490128	0.1724360994450437	-5.6191693455776015e-6	-2.507233577170309e-6
0.33	-0.20276128272009378	0.1714555702102404	-8.800464286501386e-6	-3.5217653146235595e-6
0.34	-0.19351038814886917	0.17030137700891443	-0.000013575224199313674	-4.839409790929894e-6
0.35	-0.18410808614186677	0.16897301117856706	-0.00002064471095300502	-6.499889043692919e-6
0.36	-0.17455737173869074	0.16746105519485074	-0.00003097905603882678	-8.519742938306596e-6
0.37	-0.16486411791251154	0.16576335847566134	-0.00004590615193003633	-0.000010870528680567704
0.38	-0.1550339984205493	0.16387515279844786	-0.00006722565795572177	-0.000013446311660558763
0.39	-0.1450774553603474	0.16179319355743393	-0.00009735398181406896	-0.000016016544258229404
0.4	-0.13499786956304594	0.15951417249431116	-0.0001395074800041307	-0.000018159425933444995
0.41	-0.12480824920856776	0.1570343766488814	-0.00019793246648708296	-0.00001916929118242483
0.42	-0.11451560825607546	0.15434968020501016	-0.00027819211125856835	-0.000017930321097259228
0.43	-0.10413239978503983	0.15145852558899695	-0.00038752245164112853	-0.000012746226730392385
0.44	-0.09367234995975163	0.14835965526051756	-0.0005352719220961949	-1.1139793730519099e-6
0.45	-0.08314911835853168	0.14505111088806955	-0.0007334413446916516	0.000020574256225508458
0.46	-0.07258149515817448	0.14153554040665328	-0.0009973444272749071	0.000057419646327910856
0.47	-0.06198896836150788	0.1378103909568915	-0.0013464130679561662	0.00011651850765839744
0.48	-0.0513951407024439	0.13388233806553615	-0.0018051740987487103	0.00020760713779030548
0.49	-0.04082849686886936	0.12975588453708348	-0.00240443240772914	0.0003438818163080115
0.5	-0.030321672765754044	0.12543918148581365	-0.00318269765920046	0.0005430382899691416
0.51	-0.019913374670910724	0.12094470458098823	-0.0041879007836715075	0.000828580248981442
0.52	-0.009650664600504733	0.11629073682854271	-0.005479455469525265	0.0012314569970165445
0.53	0.00041153377656178575	0.11149887898536771	-0.007130727664453416	0.0017921064813470194
0.54	0.010207970086537154	0.10659976921799516	-0.00923198761626502	0.0025629906282090276
0.55	0.01966015996541363	0.10163406700582249	-0.011893934179584512	0.003611729336122124
0.56	0.028673957787044714	0.0966531860116487	-0.015251901356403495	0.005024965011782664
0.57	0.037138062463176524	0.0917233991671963	-0.019470866965028012	0.0069131016114374055
0.58	0.044919887769324686	0.08692972702227361	-0.024751409791981448	0.00941611920516483
0.59	0.051859720130237666	0.0823798136230847	-0.03133681647552586	0.012710662304361617
0.6	0.05776817175481668	0.07820855655250716	-0.03952151089324026	0.017018695347703686
0.61	0.06241904623398164	0.07458600839292968	-0.049661114081946255	0.02261800101107818
0.62	0.06554251353336227	0.0717237993932139	-0.062184395880486854	0.029854956988959673
0.63	0.0668171364204414	0.06988568036121995	-0.07760752570951335	0.03915998595691456
0.64	0.06585984552522507	0.06939913213119579	-0.0965510536845718	0.05106628815061825
0.65	0.0622145914222927	0.07066853232582249	-0.11976018220236136	0.06623245627718327
0.66	0.05533828975236732	0.07419242471983384	-0.14812902042654857	0.08546979790301307
0.67	0.04458458609799541	0.08058454313127697	-0.18272959450938925	0.10977534271395334
0.68	0.029184080446157987	0.09059788181521937	-0.22484668769441807	0.14037163523204363
0.69	0.008220647403535944	0.10515481491609814	-0.2760197730928945	0.17875469518770443
0.7	-0.019396176822944353	0.12538313706639215	-0.3380935167677273	0.22675198011895717
0.71	-0.0549657999441692	0.15266019470441883	-0.4132789714305565	0.2865921991631794
0.72	-0.10003721836827581	0.1886644638979497	-0.5042277887940934	0.3609895992404566
0.73	-0.15645700519425715	0.2354406630609035	-0.6141226198617491	0.45324581255639546
0.74	-0.22643269844447053	0.2954768057015605	-0.7467879679636259	0.567372861212246
0.75	-0.31260247091886845	0.3717973606483338	-0.9068258100372562	0.7082421335437925