0.	-0.3391599548377958	0.4407430986237325	0.	0.
0.01	-0.3319695648655335	0.4459080244312259	3.291811268013589e-14	1.554312234475219e-14
0.02	-0.324490442467788	0.45096643632404454	9.592326932761353e-14	2.681188604469753e-13
0.03	-0.31673576111458557	0.4558919982338395	1.0821898932533713e-12	9.382494781107198e-13
0.04	-0.3087207478336922	0.46065911253974556	2.157107825695448e-12	1.058431120526393e-12
0.05	-0.3004428500610857	0.4652531624195049	2.0614066009727594e-12	3.250011371136452e-12
0.06	-0.2919171268456763	0.4696764768841697	4.4622638917246604e-12	4.36867209074876e-12
0.07	-0.2831435190878647	0.4738941249279027	4.5105030821446235e-12	5.449529716372581e-13
0.08	-0.27413261599303645	0.4779161652239093	4.062639114010835e-12	-1.7785217742982695e-12
0.09	-0.26489054926780803	0.48172426712161864	4.146294418916341e-12	4.455213975518291e-12
0.1	-0.25542144442445	0.48530168324610984	5.15026910008487e-12	-1.1199374760906267e-12
0.11	-0.24574509053384072	0.48863938283956426	-4.1385506133195804e-12	6.941669461468791e-13
0.12	-0.23586115195564533	0.4917213934302995	-6.3045402232120296e-12	-1.5017764809499567e-11
0.13	-0.2257831268359225	0.4945396099874908	-3.549754934439875e-11	-2.8150648478941775e-11
0.14	-0.21552252452217638	0.4970870500415099	-1.1171230607232019e-10	-8.038447685265737e-11
0.15	-0.20508333819842853	0.49934737668412393	-3.0238675452487485e-10	-1.7352480563559425e-10
0.16	-0.19447260518392248	0.5013065334286967	-7.750242114745731e-10	-3.748140686710144e-10
0.17	-0.1837180147606349	0.5029562296195742	-1.812781869059421e-9	-7.877237750975041e-10
0.18	-0.1728227571032838	0.504286913015173	-4.030274391997324e-9	-1.5388561536155976e-9
0.19	-0.16179112532469866	0.5052877174626584	-8.557262287656187e-9	-2.844042334970709e-9
0.2	-0.15064902834724375	0.505940099107775	-1.7434389126824712e-8	-4.971176248425024e-9
0.21	-0.1394012224430972	0.5062429696571353	-3.419728605846828e-8	-8.268390860877162e-9
0.22	-0.12806474112070565	0.5061781188448307	-6.48248609791402e-8	-1.298308505148782e-8
0.23	-0.1166552627489052	0.505740292480094	-1.1917263931238153e-7	-1.9206511381320013e-8
0.24	-0.10518651768302667	0.5049228613992209	-2.1303894437441073e-7	-2.6415802989454562e-8
0.25	-0.09366650739527407	0.5037077674081819	-3.7117808127096197e-7	-3.2867578547701726e-8
0.26	-0.08212438315910314	0.5020911351218194	-6.316926095817355e-7	-3.457604003109793e-8
0.27	-0.07055877067798966	0.5000600579056012	-1.0521445303612875e-6	-2.35287382910343e-8
0.28	-0.05900708434012619	0.4976117434816497	-1.7179058465766062e-6	1.4905755796323916e-8
0.29	-0.04746616692576297	0.49472969879745227	-2.7538530236737024e-6	1.0595697857995745e-7
0.3	-0.03596969238866443	0.49141554877125787	-4.339983866119557e-6	2.913685880900907e-7
0.31	-0.024530178321122115	0.48765314177866925	-6.732506808798666e-6	6.377864773532416e-7
0.32	-0.013159620461196314	0.4834376204084902	-0.000010291756086383552	1.2487259657967265e-6
0.33	-0.0018841999822482025	0.4787651508596009	-0.000015518935611275042	2.2813270800225993e-6
0.34	0.009275010954314905	0.4736263925892037	-0.000023104316273642178	3.96925627921263e-6
0.35	0.020302520360064746	0.46801875829674994	-0.00003398945225135952	6.653964895075859e-6
0.36	0.031174528474045116	0.461933857791177	-0.00004944777322339611	0.000010826652168671735
0.37	0.04186991949292389	0.45536845497379463	-0.00007118750012548303	0.000017184200278019812
0.38	0.052368426841985435	0.4483201739989475	-0.00010148293590227231	0.000026702926284871698
0.39	0.06264557254508574	0.4407809071113171	-0.00014334088642924125	0.000040735297185456876
0.4	0.0726754091618103	0.4327527189966293	-0.00020071059851758943	0.00006113525577083889
0.41	0.08243442846062846	0.424232814022079	-0.00027874731786720064	0.00009042021697258651
0.42	0.09189518004279572	0.4152190439515857	-0.00038414215328970436	0.0001319786020559377
0.43	0.10103285434521023	0.4057141629271926	-0.0005255329277041448	0.00019033425990222508
0.44	0.1098125446525895	0.39571849826352334	-0.0007140146692139748	0.0002714816672249598
0.45	0.11820479830948943	0.38523410885339104	-0.0009637709975661157	0.00038330823974691564
0.46	0.12617727494800143	0.37426626753557546	-0.0012928540749287676	0.0005361243678488892
0.47	0.1336889416357531	0.3628230126489437	-0.0017241436540594568	0.0007433250890428456
0.48	0.14069815190555343	0.3509130317281505	-0.0022865259401201043	0.0010222131847207327
0.49	0.14715826928315193	0.33854802813687196	-0.0030163359016205926	0.0013950178084315978
0.5	0.15301733264749065	0.32574429258548965	-0.0039591225779401495	0.0018901514242911643
0.51	0.15821234442962592	0.3125233716419476	-0.005171801699663331	0.002543755297909789
0.52	0.1626776512654791	0.29890991551210794	-0.006725280751203128	0.003401591512480484
0.53	0.16633039851181028	0.28493721229665914	-0.008707648869015178	0.004521353819453622
0.54	0.16907678721945005	0.27064498597076586	-0.011228059812693453	0.005975480242783715
0.55	0.17080747944402963	0.2560870548490962	-0.014421436304010521	0.007854565482659503
0.56	0.17139036116633422	0.24132457320645548	-0.01845419409235169	0.01027149178135961
0.57	0.170673005779564	0.2264382641860117	-0.023531156911426404	0.013366415067755183
0.58	0.16846917202239706	0.21152649735446366	-0.02990395912413288	0.017312761582447683
0.59	0.16456034109587053	0.19670942665069746	-0.03788121715618559	0.02232443536559911
0.6	0.15868198821784998	0.18213920402412068	-0.04784084221616855	0.028664443573006237
0.61	0.15051872175797673	0.16799879560889427	-0.06024498194108882	0.03665521839858818
0.62	0.13968971215126225	0.15451634592113306	-0.07565810644486115	0.046690898463882455
0.63	0.1257387541944124	0.14197069225918876	-0.09476895689206857	0.059251963076074735
0.64	0.10811562600500706	0.13070277521603663	-0.11841717503179529	0.07492256440251768
0.65	0.08615806042936715	0.121130152611945	-0.14762562377321325	0.09441109681654775
0.66	0.05906769609269713	0.11376124818229884	-0.18363975200964844	0.11857442801776383
0.67	0.025881800873931743	0.10921588004245515	-0.22797543831963638	0.14844647754476686
0.68	-0.014560451379468209	0.10824721997505998	-0.2824773390218463	0.18527180409211413
0.69	-0.06366043886206188	0.1117670683252085	-0.34939021333928844	0.23054486574850608
0.7	-0.1231113426689295	0.12088152121257276	-0.43144611317974646	0.28605593401669593
0.71	-0.194956645295621	0.13692749957892048	-0.5319713387923141	0.35394444489742927
0.72	-0.2816707737312824	0.161515261584005	-0.655017868749727	0.4367606578352279
0.73	-0.38624457472819723	0.19658578365193222	-0.8055252285593013	0.5375366558804938
0.74	-0.5123050569613565	0.24447272086335853	-0.9895207664160248	0.659867759249936
0.75	-0.664250059115171	0.30797701857218834	-1.214367771925395	0.8080043354599264