0.	0.19706732258036144	-0.15085029583549747	0.	0.
0.01	0.19478410924062733	-0.15329930422636903	0.	0.
0.02	0.19240343888260336	-0.1557269361242703	1.1102230246251565e-16	-3.885780586188048e-16
0.03	0.189924564333587	-0.15813093243630577	1.3877787807814457e-16	-1.1102230246251565e-16
0.04	0.18734672690061308	-0.16050897794255103	-1.1102230246251565e-16	1.1102230246251565e-16
0.05	0.1846691756456416	-0.1628587203077824	-8.326672684688674e-17	1.942890293094024e-16
0.06	0.1818911758898668	-0.1651777160497549	1.1102230246251565e-16	1.3877787807814457e-16
0.07	0.17901197615180425	-0.16746362828602585	3.3306690738754696e-16	-5.551115123125783e-17
0.08	0.17603085650200004	-0.16971392555825715	8.326672684688674e-17	0.
0.09	0.1729470827329887	-0.1719261162112658	1.6653345369377348e-16	-1.3877787807814457e-16
0.1	0.16975997016727437	-0.17409755672473182	4.163336342344337e-16	0.
0.11	0.1664687995656179	-0.17622565943581112	1.942890293094024e-16	1.3877787807814457e-16
0.12	0.16307287574582727	-0.17830775073354824	-1.6653345369377348e-16	-3.0531133177191805e-16
0.13	0.15957150275925103	-0.18034110404610534	-2.7755575615628914e-16	-4.718447854656915e-16
0.14	0.15596400068440053	-0.18232293869741414	-2.498001805406602e-16	-2.7755575615628914e-17
0.15	0.15224969385149417	-0.18425041683483728	-7.771561172376096e-16	-3.885780586188048e-16
0.16	0.14842791440293168	-0.1861206421583707	5.551115123125783e-17	-4.718447854656915e-16
0.17	0.1444980021007124	-0.18793065732635217	-5.273559366969494e-16	-1.1102230246251565e-16
0.18	0.14045930456352862	-0.18967744170088524	-3.885780586188048e-16	-1.2490009027033011e-15
0.19	0.13631117745282648	-0.19135790920690796	3.0531133177191805e-16	-2.7478019859472624e-15
0.2	0.13205298386412254	-0.1929689052683585	-4.440892098500626e-16	-7.466249840604178e-15
0.21	0.12768409553881602	-0.19450720481936826	-1.582067810090848e-15	-1.7486012637846216e-14
0.22	0.12320389285074956	-0.19596950946633926	-2.3592239273284576e-15	-4.010680676458378e-14
0.23	0.118611764229678	-0.19735244431141127	-7.646661082105766e-15	-8.912315330178444e-14
0.24	0.1139070867990272	-0.19865255104967944	-1.765254609153999e-14	-1.9048651545006123e-13
0.25	0.10908930897709217	-0.19986630142215145	-4.3895442836117127e-14	-3.974320872401904e-13
0.26	0.10415782604228215	-0.2009900698075635	-9.904577158437178e-14	-8.023581798966006e-13
0.27	0.09911206431000275	-0.20202014561202217	-2.1305179842556754e-13	-1.5799306307684446e-12
0.28	0.09395146044097406	-0.20295272609324844	-4.471562009555896e-13	-3.031158657407218e-12
0.29	0.08867546152295586	-0.2037839120949485	-9.06968944391906e-13	-5.683647996690411e-12
0.3	0.08328352618075019	-0.20450970509870217	-1.7883194924905865e-12	-1.0431627783802355e-11
0.31	0.07777512473461048	-0.2051260026573036	-3.427938488620441e-12	-1.8767515319595418e-11
0.32	0.07214973939382474	-0.20562859425298774	-6.4161453927624734e-12	-3.313629926005035e-11
0.33	0.06640686582684344	-0.20601315742179577	-1.1739206828842441e-11	-5.748682085915391e-11
0.34	0.06054601340419622	-0.20627525291508333	-2.1033320918295573e-11	-9.810416368161157e-11
0.35	0.05456670540788299	-0.20641031984776897	-3.695486278099125e-11	-1.6484152931539597e-10
0.36	0.04846848083666731	-0.2064136710828856	-6.376338346214538e-11	-2.7296434557122495e-10
0.37	0.04225089466620032	-0.2062804879941877	-1.0815377066153431e-10	-4.4581957570066777e-10
0.38	0.035913519032661385	-0.20600581499234932	-1.8052950107039223e-10	-7.18716891556781e-10
0.39	0.02945594445029475	-0.20558455420244207	-2.968188611562894e-10	-1.1444848124764206e-9
0.4	0.022877780730895927	-0.20501145923541866	-4.810935608223765e-10	-1.8013552594009496e-9
0.41	0.016178658254857523	-0.20428112939520948	-7.693063963642999e-10	-2.8040590682731903e-9
0.42	0.009358229704377746	-0.20338800338902602	-1.2145149538844713e-9	-4.319357427284842e-9
0.43	0.0024161712684723224	-0.20232635249469738	-1.89415738649501e-9	-6.58753709914528e-9
0.44	-0.00464781546552772	-0.20109027388199546	-2.9200640516702236e-9	-9.952038859672996e-9
0.45	-0.011834001763751281	-0.19967368336903957	-4.452094234941306e-9	-1.4899952882618805e-8
0.46	-0.01914262964178741	-0.1980703080173607	-6.716525034061727e-9	-2.211710387056698e-8
0.47	-0.026573897670503336	-0.1962737047518472	-1.0030666939414568e-8	-3.2562449986395237e-8
0.48	-0.0341280072352878	-0.19427714831189363	-1.4835438398586032e-8	-4.7568094713179576e-8
0.49	-0.04180508539472996	-0.1920737769133498	-2.1738116535996443e-8	-6.897300361408121e-8
0.5	-0.04960523217185298	-0.18965648222968942	-3.156796885006585e-8	-9.930089081566784e-8
0.51	-0.05752850421604683	-0.1870179254567586	-4.544790636190621e-8	-1.4199579831397635e-7
0.52	-0.06557491169305968	-0.18415052801503068	-6.488601886345258e-8	-2.0173273002077607e-7
0.53	-0.0737444125554582	-0.18104646195287616	-9.189123495456641e-8	-2.8482557268283415e-7
0.54	-0.0820369089770206	-0.1776976399041999	-1.2911820601591018e-7	-3.997607055938879e-7
0.55	-0.09045224083104392	-0.17409570478918648	-1.8004666334225927e-7	-5.578925107163624e-7
0.56	-0.09899018616078126	-0.17023201488430567	-2.4920100985537097e-7	-7.743468295740019e-7
0.57	-0.10765042943219902	-0.16609764850758252	-3.4241570395776577e-7	-1.0691907559867708e-6
0.58	-0.1164325887082946	-0.16168336912236575	-4.671513021553553e-7	-1.4689427680902867e-6
0.59	-0.12533612801425592	-0.1569796512084562	-6.328642798980599e-7	-2.008516737150856e-6
0.6	-0.1343605676931005	-0.15197657507760018	-8.514317073882172e-7	-2.7337176951025555e-6
0.61	-0.143505148741386	-0.14666393964464502	-1.137623723529435e-6	-3.704438397422738e-6
0.62	-0.15276903033692774	-0.14103116610125482	-1.5096134564074326e-6	-4.998743611428491e-6
0.63	-0.1621512803549034	-0.13506723434884949	-1.9894977702217265e-6	-6.718077667361433e-6
0.64	-0.17165060218115186	-0.12876092101241404	-2.60377937169598e-6	-8.993890549285899e-6
0.65	-0.18126568496744982	-0.12210040277349532	-3.383752396196593e-6	-0.000011996053933066575
0.66	-0.19099491917956202	-0.1150734726159913	-4.365662310990004e-6	-0.00001594353109168889
0.67	-0.20083642107261915	-0.10766744971186903	-5.59048491730052e-6	-0.000021117883436255758
0.68	-0.2107879857635318	-0.09986913962550506	-7.1030712717190525e-6	-0.000027880342235067634
0.69	-0.22084703030452713	-0.09166478507480835	-8.950298049897887e-6	-0.00003669335731959489
0.7	-0.23101052548408088	-0.08304000152424793	-0.000011177703648557191	-0.000048147762691463925
0.71	-0.24127494365172406	-0.07397973722365248	-0.000013823867010848145	-0.0000629969885942161
0.72	-0.25163604970522935	-0.06446798055127767	-0.00001691148922139396	-0.0000822000746473206
0.73	-0.2620889207119901	-0.054487905414048805	-0.000020433670272046456	-0.00010697576717001722
0.74	-0.27262769859258107	-0.04402152641780676	-0.000024333324157244096	-0.00013887040696244218
0.75	-0.2832455714950463	-0.03304921758408273	-0.000028472848689009567	-0.00017984308146609673
0.76	-0.2939343550766439	-0.021549622520373117	-0.00003258985356990873	-0.00023237241051714264
0.77	-0.30468435625947216	-0.009499430852185367	-0.000036233201563096173	-0.0002995903113086132
0.78	-0.31548416954692843	0.0031280229905684617	-0.00003867164716869764	-0.00038544928703345555
0.79	-0.32632029670455603	0.016363165311618154	-0.00003876319020562624	-0.0004949317254684046
0.8	-0.3371769143372116	0.0302415604892561	-0.00003476955834647022	-0.0006343112852765995
0.81	-0.348035294768543	0.04480562805826577	-0.00002409287696808482	-0.0008114787188157752
0.82	-0.3588739151441827	0.060107480331861494	-2.9025407103366874e-6	-0.001036347526524782
0.83	-0.36966814234919465	0.07621114738714728	0.000034395920339713726	-0.0013213581958348708
0.84	-0.38039034569553026	0.09319849997444654	0.00009591502066585988	-0.0016821003857553918
0.85	-0.39101074414165565	0.11117496551997769	0.000193365149421032	-0.002138079079156474
0.86	-0.40149887046374144	0.13027880588596547	0.00034360643170144867	-0.0027136464545277073
0.87	-0.41182723761496287	0.15069445604425927	0.0005708956213836269	-0.0034391192985812336
0.88	-0.42197846560430147	0.17266949025085782	0.0009101755324238958	-0.004352089104467438
0.89	-0.4319565160595235	0.19654208074785634	0.001411939795970929	-0.005498872593370535
0.9	-0.441809992397504	0.2227777111753397	0.002149547559939513	-0.0069359799941583755
0.91	-0.4516714152031215	0.2520236386016683	0.0032304145252914362	-0.00873121632912427
0.92	-0.4618301439426812	0.28518752374567524	0.004813537743907803	-0.010963521906272478
0.93	-0.47286604080509126	0.3235515408080869	0.007137681225983128	-0.01371938141747897
0.94	-0.4859038148200604	0.368935495941998	0.010568237172703832	-0.0170804638095976
0.95	-0.5031098956529967	0.42391749557236136	0.015678172969324167	-0.021088567579248374