0.	0.7131644520007692	0.8142201226141856	0.	0.
0.01	0.6891433435757697	0.8304920211017275	0.	1.7763568394002505e-15
0.02	0.6648131333146181	0.8459727967847779	4.440892098500626e-16	-8.881784197001252e-16
0.03	0.640200506286368	0.8606500378708373	1.7763568394002505e-15	2.6645352591003757e-15
0.04	0.6153325189210497	0.8745121108445115	8.881784197001252e-16	8.881784197001252e-16
0.05	0.5902373745068572	0.8875475663883856	4.440892098500626e-16	8.881784197001252e-16
0.06	0.5649434084456848	0.8997459514602717	8.881784197001252e-16	1.3322676295501878e-15
0.07	0.539479620140181	0.9110989458181598	1.3322676295501878e-15	0.
0.08	0.51387535984844	0.921597191042725	-1.7763568394002505e-15	8.881784197001252e-16
0.09	0.48816021400667786	0.9312340675442865	0.	-8.881784197001252e-16
0.1	0.46236454686085926	0.9400032299807504	8.881784197001252e-16	1.7763568394002505e-15
0.11	0.43651817277427307	0.9478999254508653	0.	-8.881784197001252e-16
0.12	0.41065211230787657	0.9549200374862039	-8.881784197001252e-16	4.440892098500626e-16
0.13	0.38479737575630324	0.9610604834422474	-4.440892098500626e-16	0.
0.14	0.3589850888760653	0.9663203318311475	1.5543122344752192e-15	-4.440892098500626e-16
0.15	0.3332472181467421	0.9706980225521491	1.5543122344752192e-15	-1.7763568394002505e-15
0.16	0.30761556112994715	0.9741945414282243	3.3306690738754696e-15	8.881784197001252e-16
0.17	0.2821214630872848	0.9768117061434141	1.1324274851176597e-14	1.3322676295501878e-15
0.18	0.2567973103809189	0.9785524441077551	3.26405569239796e-14	1.1102230246251565e-14
0.19	0.23167532911530664	0.979420766858266	8.704148513061227e-14	2.531308496145357e-14
0.2	0.20678744389521175	0.9794227661939665	2.1893598045608087e-13	5.995204332975845e-14
0.21	0.182166574322298	0.9785644077058588	5.233591338082988e-13	1.6298074001497298e-13
0.22	0.1578449713248955	0.9768540403804256	1.2025935802739696e-12	3.9479530755670567e-13
0.23	0.13385434047863376	0.9743008886151503	2.655542452600912e-12	9.250378241176804e-13
0.24	0.11022714207424833	0.9709155868271804	5.655809154347935e-12	2.1032064978498966e-12
0.25	0.08699546594878649	0.9667099317643495	1.166644558736607e-11	4.596767411157998e-12
0.26	0.06419075608484903	0.9616977320650504	2.3372304092106333e-11	9.749534513048275e-12
0.27	0.041845314782310905	0.9558930924652249	4.55455673176175e-11	2.008082589100013e-11
0.28	0.019990370736489904	0.9493123668496772	8.651579452845226e-11	4.0258019140537726e-11
0.29	-0.0013435795700276754	0.9419728707469819	1.604673061095241e-10	7.87148124459236e-11
0.3	-0.022125600682765978	0.933893384943993	2.910425234148306e-10	1.5035661604656525e-10
0.31	-0.04232596799339172	0.9250945703052929	5.169341621424905e-10	2.809628085742588e-10
0.32	-0.06191435766648368	0.9155976990431913	9.002294465432215e-10	5.143405701346637e-10
0.33	-0.08086185121735817	0.9054261504640677	1.5388526009019188e-9	9.235443521049547e-10
0.34	-0.09914048802979572	0.8946043272841027	2.584665148575027e-9	1.6283565607011496e-9
0.35	-0.11672226781104142	0.8831582024782558	4.269517628330277e-9	2.8220905612386105e-9
0.36	-0.1335806771699346	0.8711155435363587	6.9420037773770815e-9	4.812029885670199e-9
0.37	-0.14968900312429606	0.8585048847372878	1.1118729409398398e-8	8.079629854051973e-9
0.38	-0.16502250542411295	0.8453567065000889	1.7554676101649846e-8	1.3369100937410394e-8
0.39	-0.17955678241777973	0.8317027445317877	2.7338546093602645e-8	2.1815964590388148e-8
0.4	-0.19326925874228856	0.8175759865781598	4.202001271935707e-8	3.5131652698083826e-8
0.41	-0.20613821474733524	0.8030113298328647	6.377740713325863e-8	5.586543583291359e-8
0.42	-0.21814248400088965	0.7880443616797241	9.563546293778202e-8	8.777221927047663e-8
0.43	-0.22926298598123934	0.7727125566051365	1.4174429219249163e-7	1.3632373985217328e-7
0.44	-0.23948231756341537	0.7570543504238234	2.0773155384734565e-7	2.094119966322694e-7
0.45	-0.2487843411555587	0.741109960034918	3.011405509401044e-7	3.1830818958411555e-7
0.46	-0.25715392508774243	0.7249202160853425	4.3196656451804927e-7	4.78957800531532e-7
0.47	-0.2645785616981539	0.7085276550998949	6.133023878751587e-7	7.137149649061314e-7
0.48	-0.27104697674757955	0.6919757356552179	8.621009647269418e-7	1.0536445753661638e-6
0.49	-0.27655052090877896	0.675309043668916	1.2000568074821416e-6	1.5415538969776321e-6
0.5	-0.281082122010725	0.6585734900479019	1.654600509159998e-6	2.2359525884141362e-6
0.51	-0.2846366201931362	0.6418154209761435	2.259984827168715e-6	3.216184570442593e-6
0.52	-0.28721135221877386	0.6250823057261952	3.0584249444132183e-6	4.589031419754974e-6
0.53	-0.28880658005269827	0.6084227797739321	4.101226982911044e-6	6.497147884365617e-6
0.54	-0.28942409534242197	0.5918855295654897	5.449805479340597e-6	9.129750754066634e-6
0.55	-0.2890686554740615	0.5755201411221125	7.17644391423633e-6	0.000012736087080078562
0.56	-0.28774812220576335	0.5593767516734249	9.364589682814284e-6	0.00001764227617573333
0.57	-0.2854726371827507	0.5435059312118287	0.000012108411402811381	0.000024272232804323224
0.58	-0.2822552420162598	0.5279579717802556	0.000015511223042663502	0.000033173482170134605
0.59	-0.2781120587298184	0.5127834056550822	0.00001968229941945454	0.00004504882629108309
0.6	-0.2730627178205237	0.49803343004991163	0.000024731437698655157	0.00006079494724930967
0.61	-0.2671293478623044	0.4837577306134693	0.00003076042341637608	0.00008154907509205778
0.62	-0.26033769152893177	0.4700060736736371	0.000037850414252360576	0.00010874521049286656
0.63	-0.2527170129292713	0.4568283502218433	0.000046043966837938655	0.00014418137027072397
0.64	-0.24429966061076752	0.44427228609168434	0.00005532003541641739	0.00019009934406510887
0.65	-0.23512167028693864	0.43238535069639084	0.00006556019467462981	0.0002492790464960759
0.66	-0.22522264665387892	0.4212137297923968	0.00007650370235035009	0.0003251492174047854
0.67	-0.21464580815938084	0.4108017449198875	0.00008768850437063103	0.00042191632173205207
0.68	-0.2034378682250078	0.40119299118341223	0.00009837543253526926	0.0005447142974608354
0.69	-0.19164963984884542	0.3924276510040745	0.00010745076890378291	0.0006997763572660354
0.7	-0.17933512248724254	0.38454541482792215	0.00011330449469965087	0.0008946322605922763
0.71	-0.16655282975319774	0.3775820721175951	0.0001136765568294229	0.0011383314695663227
0.72	-0.15336421952899426	0.3715722234680747	0.00010546893213891906	0.0014416958690186554
0.73	-0.13983543665627024	0.36654681223799623	0.00008451236383916205	0.0018176018808475636
0.74	-0.12603613515649936	0.3625340130552992	0.00004528589598584709	0.002281294839801884
0.75	-0.11203993022369829	0.35955913938660133	-0.000019424361435538273	0.0028507353101883126
0.76	-0.09792440351707199	0.35764412053702443	-0.00011893053117861818	0.0035469782389634386
0.77	-0.08377208537901115	0.3568071248552269	-0.00026512775664311317	0.0043945842767523224
0.78	-0.06966868543875127	0.3570631603116601	-0.00047306047068218504	0.0054220613447857335
0.79	-0.05570527175506379	0.3584235453234039	-0.0007615908915057368	0.006662337311236222
0.8	-0.041977464333773584	0.3608956478103649	-0.0011541689798924004	0.008153254216727301
0.81	-0.02858660985473338	0.36448325036761875	-0.0016797259513131602	0.009938088769601894
0.82	-0.015639378890921596	0.3691860552204569	-0.0023736903384099506	0.012066084628258311
0.83	-0.0032490251562946604	0.37499977651039806	-0.003279147448433828	0.014592998048281958
0.84	0.008463853651304198	0.3819160987178676	-0.004448144773316787	0.017581647040296966
0.85	0.01937101350815773	0.3899215545100274	-0.005943152147450004	0.021102449921263977
0.86	0.029334006719498595	0.39899898173573756	-0.007838692782399237	0.025233965694354765
0.87	0.03820458299727525	0.4091249824972123	-0.01022313119946805	0.03006340468991353
0.88	0.04582185509103809	0.42027030813142363	-0.013200654735892714	0.03568711183462714
0.89	0.05201168174940418	0.43239889737349	-0.016893409973996132	0.0422110366940458
0.9	0.056583989921248135	0.44546583865390166	-0.021443848055402448	0.049751146132330115
0.91	0.059332333636527235	0.45941629933010164	-0.027017213524227923	0.058433812367024496
0.92	0.060030700299363415	0.47418349982122887	-0.03380427379253104	0.06839617600980663
0.93	0.05843348898417133	0.48968622762460434	-0.042024159238290615	0.07978644806997592
0.94	0.05427264697056522	0.5058262899342958	-0.05192745693398049	0.09276421328702322
0.95	0.04725745046556762	0.5224861879723797	-0.06379944109853741	0.10750072928238219