0.	0.13851598114349883	0.8547927023705313	0.	0.
0.01	0.1386316102102505	0.8546301224296862	0.	0.
0.02	0.13897798712370424	0.8541413547909329	0.	0.
0.03	0.13955528227816139	0.8533266378244448	0.	0.
0.04	0.14036347032137897	0.8521858525427888	0.	0.
0.05	0.14140256191067202	0.8507188286779339	0.	0.
0.06	0.14267252512797413	0.8489253222710929	0.	0.
0.07	0.14417335770995265	0.8468050479041089	0.	0.
0.08	0.14590503644476271	0.8443576644769486	0.	0.
0.09	0.1478675195163639	0.8415827736635784	0.	0.
0.1	0.15006079052385957	0.8384799181500604	0.	0.
0.11	0.1524847858567835	0.8350485888221506	0.	0.
0.12	0.15513946523112132	0.8312882116054254	0.	0.
0.13	0.15802476404923027	0.8271981278081242	5.329070518200751e-15	-3.552713678800501e-15
0.14	0.16114060584470735	0.8227776505255662	-5.329070518200751e-15	3.552713678800501e-15
0.15	0.1644868997401545	0.8180260167574502	5.329070518200751e-15	-7.105427357601002e-15
0.16	0.16806354860953476	0.8129423508295126	3.552713678800501e-15	-2.4868995751603507e-14
0.17	0.1718704081112321	0.8075257637955886	3.552713678800501e-15	-6.039613253960852e-14
0.18	0.1759073676444558	0.8017752450756284	-1.7763568394002505e-15	-1.8829382497642655e-13
0.19	0.18017423015473	0.795689713342508	3.552713678800501e-15	-4.796163466380676e-13
0.2	0.18467081464819657	0.7892680084138348	1.5987211554602254e-14	-1.2363443602225743e-12
0.21	0.18939690297295186	0.7825088708417702	4.973799150320701e-14	-2.9807267765136203e-12
0.22	0.19435220957548438	0.7754099943373056	1.1723955140041653e-13	-6.927791673660977e-12
0.23	0.199536475771108	0.7679718242181472	2.8421709430404007e-13	-1.5489831639570184e-11
0.24	0.2049493929823285	0.760191846301776	6.821210263296962e-13	-3.346656285430072e-11
0.25	0.2105905757565587	0.7520683823789405	1.55964130499342e-12	-7.006306645962468e-11
0.26	0.21645961275423353	0.743599636984019	3.4923175462608924e-12	-1.425632945029065e-10
0.27	0.22255864188743502	0.7347844283474885	7.529976642217662e-12	-2.8252600259293104e-10
0.28	0.22888027390492738	0.7256197006663605	1.5777601447553025e-11	-5.463860475174442e-10
0.29	0.2354299179875774	0.7161029211967396	3.2244429348793346e-11	-1.0329053168334212e-9
0.3	0.24220521203428547	0.7062322573193711	6.434675015043467e-11	-1.911761415840374e-9
0.31	0.249205427196026	0.6960051679482859	1.255013870604671e-10	-3.4692320127760468e-9
0.32	0.2564297701383076	0.6854189042553749	2.397300136181002e-10	-6.180290057500315e-9
0.33	0.26387736463725986	0.6744705377656572	4.490239291499165e-10	-1.082102230043347e-8
0.34	0.271547533090331	0.6631556230898994	8.257501349362428e-10	-1.864108511995255e-8
0.35	0.2794385237637016	0.651473405339626	1.49255541259663e-9	-3.162554307323262e-8
0.36	0.287549533653074	0.6394189810502873	2.6545343700945523e-9	-5.2887685342284385e-8
0.37	0.2958792698320387	0.6269885056638778	4.649674423262695e-9	-8.725199762693592e-8
0.38	0.30442631088907746	0.6141778110836817	8.028141706972747e-9	-1.4211090970661644e-7
0.39	0.3131890905670396	0.6009824407352014	1.3674632981519608e-8	-2.2867166649120918e-7
0.4	0.32216593949108585	0.587397626070441	2.299586299159273e-8	-3.6375572065594497e-7
0.41	0.3313550035812476	0.5734182192882429	3.8204881036563165e-8	-5.72373206608745e-7
0.42	0.3407542601403506	0.5590386853321583	6.274846953147062e-8	-8.913783240416251e-7
0.43	0.35036152075868543	0.544253075579757	1.0194465005497477e-7	-1.3746212523813028e-6
0.44	0.36017441792866123	0.5290549953231789	1.6392595725278625e-7	-2.1001595129632733e-6
0.45	0.37018974087336787	0.5134367186459663	2.61025160597228e-7	-3.1802868498687076e-6
0.46	0.3804058502605905	0.4973924744670306	4.1179792731327325e-7	-4.7753943910322505e-6
0.47	0.39082085977449665	0.48091401885592333	6.439567030724902e-7	-7.11302157441196e-6
0.48	0.40142822608154205	0.4639913412899581	9.985969953163476e-7	-0.00001051389583750506
0.49	0.4122255367255967	0.44661440070137814	1.5362673444485608e-6	-0.000015427346088614513
0.5	0.4232096526341458	0.42877586955009583	2.345620835342288e-6	-0.000022479224439209133
0.51	0.43437613023440846	0.4104634061075245	3.5557108404304927e-6	-0.00003253649388668123
0.52	0.4457204582680774	0.39166516233165893	5.353376167249735e-6	-0.00004679386367456573
0.53	0.4572377836559127	0.3723682405592168	8.007733878656609e-6	-0.0000668895724409424
0.54	0.4689228122982563	0.3525586581183724	0.000011904556160402535	-0.00009505953165955816
0.55	0.48076982381896016	0.33222123341756316	0.000017594361874984088	-0.00013434181744642615
0.56	0.4927725741037783	0.31133935870503215	0.00002585949060929238	-0.00018884705872856955
0.57	0.5049232243758688	0.28989460243889553	0.000037807378543419645	-0.00026411484034838395
0.58	0.5172183593052893	0.267867555512721	0.00005500008463243944	-0.0003675820875042035
0.59	0.5296436550048753	0.24523558668756884	0.00007963317673187476	-0.0005091969571928701
0.6	0.5421942138903972	0.22197680716693213	0.00011478366494444003	-0.0007022210003420071
0.61	0.5548589084525766	0.19806360370280807	0.0001647510228082183	-0.0009642756294283572
0.62	0.5676264096522026	0.17346661038930833	0.00023552729208375922	-0.001318702630838331
0.63	0.5804839224497123	0.1481529390532561	0.0003354432858699852	-0.0017963300610404076
0.64	0.5934168182508657	0.12208560243049682	0.00047605602449962703	-0.0024377587003456824
0.65	0.6064072567114955	0.09522085488610443	0.0006733660075717296	-0.003296316861575832
0.66	0.619437427270288	0.06751396463392112	0.0009494868055170969	-0.00444186644496547
0.67	0.6324837710666991	0.03890742874659381	0.0013349299463811803	-0.005965705807618349
0.68	0.6455194007788378	0.009335751341474463	0.0018717344751237874	-0.007986856688065203
0.69	0.658512512627734	-0.021278848764842095	0.002617747978526097	-0.010660118833161647
0.7	0.6714236832439937	-0.05303130486217178	0.003652479652323848	-0.014186362138474351
0.71	0.6842110245069115	-0.08603304749782836	0.0050851129496898295	-0.01882562908714025
0.72	0.6968200968292706	-0.1204266908642051	0.007065439165003795	-0.024913805917699428
0.73	0.7091883693710841	-0.15638885619311527	0.009798817379461866	-0.03288371029509385
0.74	0.7212408098544643	-0.19414373254315187	0.01356659775419189	-0.04329171235145601
0.75	0.7328976289469296	-0.23397504743948083	0.018754064849900942	-0.0568511446460942
0.76	0.7440634876488446	-0.2762515508244743	0.025888519017094325	-0.07447409219201084
0.77	0.754635744929864	-0.3214515613605684	0.035691323057058355	-0.09732322073901045
0.78	0.7645154104592109	-0.37019156588421964	0.04914898918362809	-0.126875560998279
0.79	0.7736091154649429	-0.4232872717317768	0.06760989369050208	-0.16500033471214337
0.8	0.7818564709417117	-0.48180545686898313	0.09291630794516692	-0.21405243227939508
0.81	0.7892606018299162	-0.5471380547415698	0.1275837537780049	-0.27698266657772663
0.82	0.7959361500692097	-0.6211140851021142	0.17504443103978673	-0.3574648448269606
0.83	0.8022061831202336	-0.7061168667189079	0.2399771907291921	-0.460036449947939
0.84	0.8087079656858265	-0.8052634782901436	0.3287515252364841	-0.5902459492728944
0.85	0.816596396335612	-0.9225707398769121	0.4500237016038895	-0.7547902479566488
0.86	0.8278336159479025	-1.0632176144404575	0.6155303188773829	-0.9616169683585589
0.87	0.8455570721051373	-1.2337827258721195	0.84113232897014	-1.2199407678830898
0.88	0.8747052246712883	-1.442537620996319	1.1481736394196744	-1.5401010991996635
0.89	0.9228086028645848	-1.699698560441817	1.5652096167088416	-1.9331408543113504
0.9	1.0011117635844755	-2.0176044574388143	2.1301496839919025	-2.4099344876968374
0.91	1.1260586616291093	-2.410703591200594	2.892808899769335	-2.979625153815533
0.92	1.3212115894261416	-2.895216681599152	3.9177746491239915	-3.6470714070046633
0.93	1.6195578040975818	-3.4882283245113825	5.287342422012877	-4.408953435320235
0.94	2.0662486304968866	-4.20593187546768	7.104093692943188	-5.248235582946517
0.95	2.7213969778569265	-5.060843076929103	9.492443454911083	-6.126828582320165