0.	-0.40477034565431746	0.14114821623550539	2.831068712794149e-15	2.453592884421596e-14
0.01	-0.40470696188440003	0.1411357304600749	-8.58202398035246e-14	9.992007221626409e-15
0.02	-0.4044725330055808	0.1411281348098862	6.500355809180292e-14	-8.212874824664596e-14
0.03	-0.40407532166832844	0.14112152877624592	-3.7636560534792807e-14	1.0380585280245214e-13
0.04	-0.40352176377911353	0.14111009549736003	1.426636586643326e-14	1.2262413306984854e-13
0.05	-0.4028095729936569	0.14109843962676794	-6.5503158452884236e-15	5.0459636469213365e-14
0.06	-0.40194314573660134	0.14108013512138795	-7.166489623955385e-14	1.3261614029147495e-13
0.07	-0.4009168026780218	0.14105562592604443	-6.222800053024002e-14	1.0666467709086191e-13
0.08	-0.3997252165085033	0.1410315169348653	4.5352610555937645e-14	6.93056723122254e-14
0.09	-0.3983877000880856	0.14100113987707608	5.28355137419112e-13	-1.6081580511695392e-13
0.1	-0.39688263243851535	0.14097043238409973	2.0977664050292333e-12	-5.668243652223737e-13
0.11	-0.3952159022382089	0.140929520717058	7.911560295781328e-12	-2.3357427103576356e-12
0.12	-0.39339146047391027	0.14088701924793803	2.6601498781531063e-11	-7.413764047115023e-12
0.13	-0.3914052442753829	0.14084080689490336	8.051892486093948e-11	-2.2197521598599224e-11
0.14	-0.3892570133668932	0.14078559398875337	2.2467461224806584e-10	-6.0722343819819e-11
0.15	-0.3869534045634898	0.14072596088696904	5.828466598245541e-10	-1.537650562433157e-10
0.16	-0.3844791040899867	0.1406619897901348	1.4192511055277635e-9	-3.6561315086558466e-10
0.17	-0.38184581170021936	0.14058971057635936	3.2690103957122574e-9	-8.202533097190212e-10
0.18	-0.3790541582781784	0.14050769403585947	7.166780446876686e-9	-1.7478499758638577e-9
0.19	-0.37609279269275697	0.1404186908600436	1.50339494742191e-8	-3.556703154217189e-9
0.2	-0.37296915167167877	0.1403271098782125	3.031052303592574e-8	-6.942878050253398e-9
0.21	-0.36967843502669456	0.1402247290297866	5.895800736510637e-8	-1.3046790675597109e-8
0.22	-0.36622100480904185	0.1401108557852276	1.1100341118508439e-7	-2.367691501192759e-8
0.23	-0.3625983809997261	0.1399872072796684	2.0286627627763565e-7	-4.1609707623901926e-8
0.24	-0.35880650970731215	0.13985451737829901	3.6077605736206664e-7	-7.097609655559722e-8
0.25	-0.35484734023283193	0.1397072688479031	6.256978187790807e-7	-1.1774644453899086e-7
0.26	-0.3507189115294907	0.13954942307576063	1.0602909908397073e-6	-1.9030224804317264e-7
0.27	-0.3464177211160147	0.1393805132725858	1.7585707926537353e-6	-3.0007663578968113e-7
0.28	-0.34194637783861737	0.13919549305741102	2.8591019338164436e-6	-4.622161980938344e-7
0.29	-0.3372983921133927	0.13899929782656573	4.562748413372564e-6	-6.961801364835374e-7
0.3	-0.3324788132187212	0.13878578791899754	7.156210505565586e-6	-1.0261440259728971e-6
0.31	-0.3274871189999121	0.1385544870929218	0.00001104283223773983	-1.4810166448220308e-6
0.32	-0.3223173665396512	0.13830508143812006	0.000016782419554328687	-2.0937953002231335e-6
0.33	-0.31697012648734296	0.13803956525239958	0.000025142118330212515	-2.8998809980529394e-6
0.34	-0.3114451240845316	0.13775355643071127	0.00003716071591952641	-3.933856677962311e-6
0.35	-0.30573864958529884	0.1374474906015507	0.00005422905551943913	-5.224089266980814e-6
0.36	-0.29985513134367364	0.13711789082811265	0.00007818966910005942	-6.784330742526379e-6
0.37	-0.2937879515968836	0.1367652870856251	0.0001114590202543897	-8.601333894936447e-6
0.38	-0.28753906938737805	0.13638758740117374	0.00015717628646599868	-0.000010617154473119284
0.39	-0.2811081659770944	0.13598393573618378	0.0002193828430631095	-0.0000127047567001215
0.4	-0.27449399369576033	0.13555222288205027	0.00030323710988344743	-0.000014635012206665188
0.41	-0.2676972213087675	0.13509157911770564	0.000415269896919479	-0.00001603305680247802
0.42	-0.26071832325096395	0.13459916073150865	0.0005636855773208937	-0.000016321434816862768
0.43	-0.2535591891813349	0.13407400626553093	0.0007587149577483188	-0.000014647316824017986
0.44	-0.24622144887854852	0.1335128184013824	0.0010130258638706424	-9.790413867699632e-6
0.45	-0.23870914312285066	0.13291378067373158	0.001342198096148689	-4.7855355039816416e-8
0.46	-0.2310277567505745	0.13227365776975664	0.001765269911390449	0.000016908140595572885
0.47	-0.22318396342063784	0.13158926294598608	0.0023053603742807516	0.00004420390639184313
0.48	-0.21518775481965258	0.1308563527572259	0.0029903794287164664	0.00008597562386605806
0.49	-0.20705136180898848	0.13007057478374995	0.003853827587043862	0.0001476229963735809
0.5	-0.19879222152158366	0.12922644427808203	0.004935694512578415	0.00023611054903843742
0.51	-0.19043104909111394	0.12831603284929302	0.006283465032492164	0.00036032687125481244
0.52	-0.18199658929974233	0.12733142784250845	0.007953232980901614	0.0005315026799742328
0.53	-0.17352254041341506	0.12626142914785224	0.010010937140518678	0.0007637022312361463
0.54	-0.1650525944424569	0.1250919128146693	0.012533715065965595	0.0010743913311966335
0.55	-0.15664358816104673	0.12380552699260601	0.015611385646737197	0.001485090463427069
0.56	-0.14836323035771737	0.12238180799533879	0.019348058734054818	0.0020221240437336557
0.57	-0.14029223323195558	0.12079548360967053	0.02386387854906194	0.002717476783291109
0.58	-0.13253561735793365	0.11901103152531134	0.02929689037554903	0.0036097507580264004
0.59	-0.1252225515263129	0.11698751679523473	0.03580503154067777	0.00474524882392266
0.6	-0.11850495774399425	0.11466860033980096	0.043568248948171184	0.006179198499890889
0.61	-0.11256724712078671	0.11199297842754136	0.05279072626498581	0.007977088555739281
0.62	-0.10764047768688736	0.1088798022642697	0.06370318031560124	0.010216159485347612
0.63	-0.10398973798600715	0.10522577040786905	0.07656528547353732	0.012987034025691
0.64	-0.10195102368395308	0.10090124486611957	0.09166808581438503	0.016395495364956686
0.65	-0.10189901779453157	0.09576030987129541	0.1093365031922328	0.020564440845205034
0.66	-0.10431739970479058	0.08960723275852668	0.1299317264031301	0.025635883842222443
0.67	-0.10975845282900622	0.0822041459341064	0.15385365623173436	0.03177322571996612
0.68	-0.1188626641340231	0.0732769124411817	0.18154316793189215	0.03916356934944771
0.69	-0.13242972949798865	0.06245917771666382	0.21348408643417133	0.04802000308185195
0.7	-0.1513762873338607	0.049330718903405846	0.25020511801318746	0.05858426036070225
0.71	-0.17678053008339176	0.03336949944732533	0.29228118541287784	0.071129072380741
0.72	-0.20991760668399842	0.013942198801210219	0.340334430858537	0.0859606631616682
0.73	-0.2522912906508539	-0.009714958300029757	0.39503437428934124	0.10342106675996854
0.74	-0.305651163020675	-0.038543969716385226	0.4570976770937643	0.12389019317997098
0.75	-0.37203666307751276	-0.0736472989861433	0.5272865186463249	0.14778774353864377