0.	-0.28491628716480477	0.45622913923261876	0.	0.
0.01	-0.2885784697663212	0.453598898018015	5.684341886080802e-14	2.842170943040401e-14
0.02	-0.29198460953242034	0.45086726311745906	-2.842170943040401e-14	1.7053025658242404e-13
0.03	-0.2951338246406294	0.44806177418479365	2.2737367544323206e-13	-5.684341886080802e-14
0.04	-0.2980260930198426	0.44520748537183863	-3.694822225952521e-13	2.5579538487363607e-13
0.05	-0.30067151174230844	0.44229502512854424	5.684341886080801e-13	6.252776074688882e-13
0.06	-0.303050906765975	0.43933913452494266	2.2737367544323206e-13	-8.526512829121202e-14
0.07	-0.30516996056991275	0.4363447359395991	1.9895196601282805e-13	2.5579538487363607e-13
0.08	-0.30702853147928977	0.4333266703412164	4.547473508864641e-13	4.831690603168681e-13
0.09	-0.30862568857031647	0.43027248674044927	-5.400124791776761e-13	3.126388037344441e-13
0.1	-0.30994807387560286	0.4272036940155033	6.821210263296962e-13	2.1600499167107046e-12
0.11	-0.3110136568330688	0.42410466521798185	3.836930773104541e-12	6.139089236967266e-12
0.12	-0.3118060547010657	0.42100011487644906	1.0658141036401503e-11	1.8843593352357857e-11
0.13	-0.31232854653899267	0.4178978996710896	3.0041746867937036e-11	5.431388672150206e-11
0.14	-0.3125752215057105	0.4147943900256337	7.821654435247183e-11	1.511466507508885e-10
0.15	-0.31255118250527403	0.4116943979580583	1.8900436771218665e-10	3.992681740783155e-10
0.16	-0.3122544530934874	0.40859784911137353	4.342268766777124e-10	9.848690751823597e-10
0.17	-0.31167865761051416	0.40552271656022754	9.27343535295222e-10	2.2901360807736637e-9
0.18	-0.3108296176187082	0.4024743859095281	1.8773960164253367e-9	5.063611752120778e-9
0.19	-0.309702641672402	0.39943667949550843	3.611177135098842e-9	1.0699835684135905e-8
0.2	-0.30829228009847043	0.396433103226272	6.632745908063953e-9	2.1702035724047164e-8
0.21	-0.30663051346749626	0.39348065894239426	1.1646420716715511e-8	4.242384932240384e-8
0.22	-0.30467654327347304	0.39055218911299505	1.9608989987318637e-8	8.020417396892299e-8
0.23	-0.302424451853625	0.38767620659658064	3.1678837331128307e-8	1.4703746842315013e-7
0.24	-0.2998837380841053	0.3848493657449268	4.908355322186253e-8	2.62086828684005e-7
0.25	-0.2970930226681787	0.3820810831625323	7.28128952687257e-8	4.552199470708729e-7
0.26	-0.2940119060237407	0.3793693158362714	1.0300738040314172e-7	7.719923900140202e-7
0.27	-0.29064279533500326	0.3767241731222981	1.3788400110570365e-7	1.2805403173388186e-6
0.28	-0.28697630039204114	0.3741453234860046	1.7197828583448427e-7	2.080876910781626e-6
0.29	-0.28304264001027946	0.3716366307148462	1.9344437873769493e-7	3.317367621491485e-6
0.3	-0.27883020436468087	0.369216015903028	1.7996373458117887e-7	5.195057319440366e-6
0.31	-0.2743540388568988	0.366862561276605	9.285439261930151e-8	8.000986788658793e-6
0.32	-0.2695600737349366	0.36460002128217184	-1.312491093585777e-7	0.000012131379754976024
0.33	-0.2644965657205631	0.3624305137004029	-5.919373364804414e-7	0.00001812629042063918
0.34	-0.2591564311039747	0.36034485136795524	-1.4405478765411317e-6	0.000026712940211837122
0.35	-0.25353099987702876	0.3583608952808319	-2.9009116389033807e-6	0.00003885959925753468
0.36	-0.24762514859394003	0.35646636825035927	-5.2964501833230315e-6	0.00005584191773522207
0.37	-0.24143871302041475	0.35468192161879664	-9.085067574687855e-6	0.00007932373469010656
0.38	-0.23497363838512797	0.3529997677858798	-0.000014903756948569935	0.00011145504372933601
0.39	-0.22822620684837602	0.35142441968947224	-0.00002362452815418692	0.0001549893312660089
0.4	-0.22119792717012388	0.34995202299931094	-0.00003642417375004925	0.000213423719136685
0.41	-0.21389322290614388	0.3485880800725454	-0.00005486994084691332	0.0002911645306546973
0.42	-0.2063108130562057	0.3473303640890322	-0.0000810243120312748	0.00039372209318777607
0.43	-0.1984506946463327	0.34617629173797226	-0.00011757142891610783	0.0005279382836409496
0.44	-0.19031477726744583	0.34512162754884734	-0.00016796876774805014	0.0007022505271141455
0.45	-0.18190591220319519	0.3441617159596273	-0.00023662734528251406	0.0009269970430239027
0.46	-0.17322088745056297	0.343286428986751	-0.0003291250249763955	0.0012147669436188835
0.47	-0.16426396285504907	0.34248750099890657	-0.00045245397025439615	0.0015807985734994645
0.48	-0.15503619643950373	0.34174880914076766	-0.0006153126426902134	0.0020434348652571543
0.49	-0.14553761002390786	0.34105313012235783	-0.0008284395810882472	0.0026246343777174275
0.5	-0.1357715011081524	0.34037202974890945	-0.0011049985100086701	0.0033505480875568594
0.51	-0.12573409601990448	0.33967585572403536	-0.0014610155494594323	0.004252162313381547
0.52	-0.11542827927486599	0.33892679865471464	-0.0019158800476617444	0.005366013637530642
0.53	-0.10484917754786238	0.338072892239893	-0.002492901096744049	0.006734984593116167
0.54	-0.09399841364619022	0.3370518282210462	-0.003219936440473248	0.008409171332733223
0.55	-0.08287189992218202	0.33580038673953183	-0.004130094364910519	0.010446839872429337
0.56	-0.07145309912711184	0.3342087605484849	-0.005262500936623837	0.012915470860747291
0.57	-0.059749673423169725	0.3321788055968362	-0.00666315693339925	0.015892874613331998
0.58	-0.047731168748128994	0.32957929112426143	-0.008385855151090027	0.019468422183713585
0.59	-0.03538426862760957	0.32624396896580876	-0.010493197991678471	0.023744324632982483
0.6	-0.022676501550449757	0.32196923376936937	-0.013057667554534191	0.02883702002187505
0.61	-0.009588465341948904	0.3165420367530345	-0.016162799863195687	0.03487864068148383
0.62	0.003950056050115336	0.30965112654439864	-0.019904360306014723	0.04201853367101194
0.63	0.017983514106589382	0.30098956528355814	-0.024391699927406307	0.050424821361318095
0.64	0.03259559285868363	0.290174795111831	-0.02974900966188443	0.06028606334905362
0.65	0.04789227746539382	0.27672049732102266	-0.036116710796193274	0.07181294180402631
0.66	0.06398893162918284	0.26008902462262995	-0.043652760399055524	0.08523981169376071
0.67	0.08103511546815412	0.2396147476120234	-0.052534098169644494	0.10082647616609108
0.68	0.0992314584586893	0.21457320309995964	-0.0629577286708809	0.1188597124378461
0.69	0.11886862305959767	0.18406592772085162	-0.07514209603039035	0.13965475230176594
0.7	0.14021722956954363	0.14707168886431532	-0.08932792078354623	0.1635567322383764
0.71	0.16366737112457486	0.10233744502993858	-0.10577890361321352	0.19094181451977477
0.72	0.18965627402059226	0.048524005977355955	-0.12478257317968655	0.2222180977772723
0.73	0.21881352262647624	-0.01606842934887709	-0.14664952462976544	0.25782636567106465
0.74	0.25174637078265505	-0.09324290290851422	-0.17171382327182982	0.29824004681641725
0.75	0.289397311013488	-0.185260159519558	-0.2003309308533403	0.3439657820879205