0.	0.3391847124950826	-0.44071980545602224	0.	0.
0.01	0.3461079619178847	-0.43540067809697447	2.8926860906608454e-13	-6.233902283270254e-14
0.02	0.3527524508864035	-0.4299811835975462	1.2854162179110062e-12	1.645128477889557e-12
0.03	0.35911015378620914	-0.4244661353186993	2.3275825711266407e-12	1.9497181646954687e-12
0.04	0.3651720484051975	-0.418859843288906	6.365463711688335e-13	1.4958034810774734e-12
0.05	0.3709414580339075	-0.4131879536859255	1.225519685732479e-12	3.6167180361701412e-12
0.06	0.37641179420679627	-0.4074454353023821	2.336686399928567e-12	4.487521465534883e-12
0.07	0.38158715931044224	-0.40166522451535713	2.817024391532641e-12	2.808420163091796e-12
0.08	0.38645788534046244	-0.39585528108516266	-5.96189764223709e-14	-5.418998583195389e-13
0.09	0.3910216093240073	-0.3900053835784281	-1.7770784843662568e-12	5.6643023604863174e-12
0.1	0.39528574502428787	-0.38415054604031673	2.1038726316646716e-12	7.378486710507559e-12
0.11	0.39923941233370397	-0.3782810973401969	-2.066902204944654e-12	1.0257017457604434e-11
0.12	0.40288634663625666	-0.3724127418863119	-7.435663196275755e-12	1.833666551931401e-11
0.13	0.40622103973198403	-0.36658983064797357	-2.964506418123847e-11	3.557265593201464e-11
0.14	0.4092690173507942	-0.36076699399133516	-1.0152645391059423e-10	1.026194684783377e-10
0.15	0.41199036142798506	-0.355003992778464	-2.714972135997584e-10	2.2124252430089086e-10
0.16	0.4144353156274866	-0.34928134253543697	-6.884822711938909e-10	4.715112189579429e-10
0.17	0.41655125214237027	-0.34362822909337437	-1.637919355701456e-9	9.495383368474108e-10
0.18	0.418349227408389	-0.33804451395813095	-3.643039592216013e-9	1.8184881933613894e-9
0.19	0.41985720493983747	-0.3325428943057779	-7.74146402537923e-9	3.2551966677729638e-9
0.2	0.4210693743845584	-0.32712879650783916	-1.5753168158827435e-8	5.459027618837098e-9
0.21	0.42197252776388633	-0.3218072393650877	-3.0740281264929337e-8	8.521672367756139e-9
0.22	0.4225834914934692	-0.31660589579947407	-5.780450984538277e-8	1.2232492907493508e-8
0.23	0.422898484991831	-0.3115234558870078	-1.0506737285753687e-7	1.561928597570983e-8
0.24	0.42292028858336833	-0.30655853363483976	-1.8511136340437773e-7	1.6258597634877248e-8
0.25	0.42268110201806114	-0.30172968589871774	-3.1685472262621417e-7	9.066731809781459e-9
0.26	0.42210812170274725	-0.2970571830495802	-5.281159223824439e-7	-1.546890660009126e-8
0.27	0.42126782603963636	-0.2925353579897686	-8.587486508004893e-7	-7.417009284527154e-8
0.28	0.4201492606855052	-0.28817486301102957	-1.364624619304422e-6	-1.9509976340037483e-7
0.29	0.4187601838577855	-0.2839885300331244	-2.1224713792067362e-6	-4.2326200622166965e-7
0.3	0.4170940928941336	-0.2799715967766937	-3.235531426726279e-6	-8.284545772729857e-7
0.31	0.4151604857660124	-0.27614150852655917	-4.840138075334899e-6	-1.5157959902811768e-6
0.32	0.41296327109661923	-0.2725061980475891	-7.113106075318232e-6	-2.6397016404944296e-6
0.33	0.41050151491773146	-0.26907664976145296	-0.000010279711063154728	-4.422014721061629e-6
0.34	0.40778764934686085	-0.2658491656891321	-0.000014622130054819937	-7.175126562841694e-6
0.35	0.40482107379357046	-0.2628382462815134	-0.00002048792448511305	-0.000011331127550417985
0.36	0.40160769146803393	-0.26004490147012477	-0.00002829801541465171	-0.000017477928288323064
0.37	0.3981498209377152	-0.2574775310576978	-0.00003855361276877689	-0.000026403466003188658
0.38	0.39445401966261956	-0.2551440676873508	-0.00005184121309859124	-0.00003914924827463917
0.39	0.39052820044381165	-0.2530486564539012	-0.0000688347100162301	-0.00005707422334760848
0.4	0.3863729122223449	-0.2511943651142553	-0.00009029340587879409	-0.00008193055382776926
0.41	0.3819910163928932	-0.24958912843741357	-0.00011705446679077802	-0.00011595215629103817
0.42	0.37739326390761085	-0.24823657000414742	-0.00015001851666585075	-0.00016195731196474994
0.43	0.37257987701039086	-0.247138763653294	-0.00019012589718508943	-0.00022346698397665565
0.44	0.36755731837556405	-0.24630087164273157	-0.00023832249268107564	-0.00030483879170523087
0.45	0.36233025050343504	-0.24572320398357134	-0.00029551201577027175	-0.00041141912952530335
0.46	0.3569014682769098	-0.2454097982827791	-0.00036249270258220667	-0.0005497129701785841
0.47	0.3512745998853245	-0.24536124347065477	-0.0004398757349902138	-0.0007275729998609259
0.48	0.3454525425532161	-0.2455769905201137	-0.0005279836374800229	-0.0009544076225380949
0.49	0.3394389778430319	-0.2460570623038837	-0.000626721688637033	-0.0012414091297291152
0.5	0.3332344613098457	-0.24679607946672066	-0.0007354271487531872	-0.0016018008421787577
0.51	0.3268408220882369	-0.24779220333276541	-0.0008526833372013987	-0.00205110574046935
0.52	0.32025519554691007	-0.24904091386832558	-0.0009761037061161715	-0.002607431415215661
0.53	0.3134727282761873	-0.25053318510978195	-0.0011020802578399769	-0.003291775932527885
0.54	0.30649371213113163	-0.252256745439977	-0.0012254859538392004	-0.00412834639972659
0.55	0.2993166853589684	-0.25420033886321647	-0.0013393431428654345	-0.005144899756468924
0.56	0.2919135245134291	-0.2563579730553726	-0.0014344479317912606	-0.0063730943288184405
0.57	0.28427518713208655	-0.25869383812963903	-0.0014989348139381464	-0.007848845230041535
0.58	0.27639180736063773	-0.26119555849014164	-0.001517791706299787	-0.009612706598755127
0.59	0.26823304314803914	-0.26384582574445997	-0.0014723576166192909	-0.011710247594767298
0.6	0.2597749942286175	-0.2665964555728373	-0.0013397038620847068	-0.01419241978418373
0.61	0.2509672742933948	-0.2694119214968028	-0.0010920200362288801	-0.017115965716901493
0.62	0.24175270705499083	-0.2722648900388186	-0.0006959318277797999	-0.02054378173945398
0.63	0.2320977608350591	-0.27510168721349026	-0.00011171626284398051	-0.024545287216806155
0.64	0.22191338150030612	-0.2778616957017405	0.0007074417513543152	-0.029196804760147577
0.65	0.21111285509183644	-0.2805070699097312	0.001816342288906675	-0.03458187903139465
0.66	0.199595745125803	-0.28291496992109866	0.0032786432667171184	-0.04079161397061887
0.67	0.18723808097776756	-0.285074879990887	0.005167765241742006	-0.04792501681843575
0.68	0.17386910004720962	-0.2868488178296169	0.007567953452837006	-0.056089209455567196
0.69	0.15932400666515048	-0.2881700059596169	0.010575198798108337	-0.06539969790063599
0.7	0.14341018427290864	-0.288930351219624	0.014298249906535193	-0.07598071616057131
0.71	0.12583832291320135	-0.2890440333326086	0.01885959926823684	-0.08796519343653511
0.72	0.1063625698230305	-0.2883079262192263	0.024396896979159227	-0.10149494267135664
0.73	0.08465275608910494	-0.28670380412794166	0.03106327106577795	-0.11672108975049211
0.74	0.06023498943704238	-0.2840021650478318	0.03902893476553948	-0.13380367980890195
0.75	0.03276014812025642	-0.28005491614441824	0.04848178940939593	-0.15291197864979358