0.	-0.017765883739200905	0.5448493040500414	0.	0.
0.01	0.007444239067118608	0.5492365267708146	6.106226635438361e-16	6.661338147750939e-16
0.02	0.03296797855126726	0.5526526047414761	-1.942890293094024e-16	-8.881784197001252e-16
0.03	0.058755834557238124	0.555074888775043	2.220446049250313e-16	-1.1102230246251565e-16
0.04	0.08475670774309493	0.5564827448466004	-4.440892098500626e-16	-2.220446049250313e-16
0.05	0.11091840402588415	0.5568577454765284	-1.6653345369377348e-16	8.881784197001252e-16
0.06	0.13718714334449053	0.5561836230421929	-5.273559366969494e-16	-2.6645352591003757e-15
0.07	0.16350778914217112	0.5544463672467796	-3.885780586188048e-16	-1.2212453270876722e-15
0.08	0.18982393198690833	0.5516342913107354	5.273559366969494e-16	-8.881784197001252e-16
0.09	0.21607784453869286	0.5477380278139282	1.942890293094024e-16	-2.9976021664879227e-15
0.1	0.2422111196493083	0.5427508610578451	8.326672684688674e-16	-3.3306690738754696e-16
0.11	0.2681640871727612	0.5366683179622749	-3.3306690738754696e-16	-1.1102230246251565e-15
0.12	0.293875873922442	0.5294887057986081	-3.3861802251067274e-15	-2.9976021664879227e-15
0.13	0.3192852596326094	0.5212127863711121	-1.1102230246251565e-16	-4.440892098500626e-16
0.14	0.34433018112428276	0.5118440228117322	-1.8318679906315083e-15	2.55351295663786e-15
0.15	0.3689479882416088	0.5013885740202915	-4.440892098500626e-16	1.021405182655144e-14
0.16	0.3930753986338853	0.48985535262983276	-1.3822276656583199e-14	3.430589146091734e-14
0.17	0.41664923307925544	0.47725596692365385	-3.913536161803677e-14	1.1052270210143433e-13
0.18	0.4396056155536298	0.4636049080958943	-9.642286968869485e-14	3.184119634624949e-13
0.19	0.4618806291062026	0.44891935812428657	-2.380873276308648e-13	8.66806626476091e-13
0.2	0.4834106324140722	0.43321956677671714	-5.498379529456088e-13	2.224109785231576e-12
0.21	0.5041315482821506	0.41652852645381383	-1.1978196212680814e-12	5.43670664043816e-12
0.22	0.523980024681122	0.3988720434518425	-2.4908963780490012e-12	1.2753187395020404e-11
0.23	0.5428929452330041	0.38027885230206915	-4.906852701935804e-12	2.8790247963428328e-11
0.24	0.5608077113084616	0.36078056705295325	-9.23250365048034e-12	6.279310404977423e-11
0.25	0.5776622540073635	0.34041179399401034	-1.6454504425666983e-11	1.3267154042040374e-10
0.26	0.5933956977497427	0.3192096541314624	-2.773770102493245e-11	2.722198022553357e-10
0.27	0.6079477154323476	0.2972144664932779	-4.3733350274521854e-11	5.437218453252513e-10
0.28	0.6212592171820277	0.27446925695830865	-6.31548147111971e-11	1.059210552600831e-9
0.29	0.6332723543246113	0.2510196754546427	-7.954548131294814e-11	2.016251332559449e-9
0.3	0.6439307382270985	0.22691464624974172	-7.46431805254133e-11	3.756294608692201e-9
0.31	0.6531795285907043	0.20220527784478987	-5.8014704151787555e-12	6.859281920235105e-9
0.32	0.6609656494972154	0.17694551423767596	2.1686097362305645e-10	1.2293599804813482e-8
0.33	0.6672379429347712	0.15119189084172108	7.712177563234945e-10	2.1651741677342073e-8
0.34	0.6719474058726234	0.12500346848173977	1.9926358341137984e-9	3.751498428572475e-8
0.35	0.6750473060293957	0.09844190948762482	4.490889438102386e-9	6.401176066983538e-8
0.36	0.6764933983313551	0.07157072513118129	9.341839191101542e-9	1.0766299557429804e-7
0.37	0.6762441530307645	0.04445617705401639	1.839701080363909e-8	1.78649526116903e-7
0.38	0.6742609463635598	0.017166485056576197	3.477525345463306e-8	2.926943720171771e-7
0.39	0.6705082807729397	-0.010228131543002672	6.363350879556862e-8	4.7383464313321966e-7
0.4	0.6649538725869947	-0.037655669008663684	1.1335988758798266e-7	7.584710216002044e-7
0.41	0.6575694453023035	-0.06504218235766956	1.9740242829247023e-7	1.201241185411206e-6
0.42	0.6483301377817792	-0.09231244607424255	3.3704285518076915e-7	1.8834795275091132e-6
0.43	0.6372153009269966	-0.11938980531796667	5.655719601538323e-7	2.9253288064690075e-6
0.44	0.6242087015709608	-0.14619646485429633	9.345269644800425e-7	4.50297732002003e-6
0.45	0.609298842625401	-0.17265364434705965	1.5229478839140498e-6	6.873066184631682e-6
0.46	0.5924787399864976	-0.1986821270564089	2.451034987194234e-6	0.000010407075155260959
0.47	0.5737471055840131	-0.22420204696821827	3.90021083562786e-6	0.00001563955785058302
0.48	0.5531080876351809	-0.24913351138244633	6.142447953050301e-6	0.000023335525557360848
0.49	0.5305717718278808	-0.2733968263802964	9.58300019759939e-6	0.00003458423690322343
0.5	0.5061545573393185	-0.29691284041888233	0.000014822468915598463	0.00005092930283401298
0.51	0.4798795655994051	-0.3196033116361495	0.000022746725809152935	0.00007454862709399546
0.52	0.4517770523879876	-0.34139129977621996	0.00003465692989945701	0.00010850260836275938
0.53	0.4218849388262813	-0.3622015203560442	0.000052457176219766755	0.0001570756131731854
0.54	0.3902495048945501	-0.3819612675628973	0.00007892522434027605	0.00022624495512180154
0.55	0.3569256267840839	-0.40060021976468263	0.00011810215451335537	0.0003243235699642577
0.56	0.32197782700466704	-0.4180515076344574	0.00017585373789963388	0.00046283951823711256
0.57	0.28548105337811025	-0.43425223371360167	0.00026067832805848346	0.0006577379245950032
0.58	0.24752182719948548	-0.44914437199020685	0.0003848699119123056	0.0009310216950911832
0.59	0.20819924000079051	-0.46267491492442625	0.0005661921267810788	0.0013129899122775734
0.6	0.1676272195816614	-0.47479786741891117	0.0008302906772525431	0.0018452879970505265
0.61	0.1259363993751118	-0.48547470666958104	0.001214169524965003	0.002585064730329989
0.62	0.08327733125443035	-0.49467619845238475	0.0017712046589250519	0.0036106329130509707
0.63	0.03982447746771356	-0.5023839998205815	0.00257838562043769	0.005029181416509654
0.64	-0.004218064156146645	-0.5085933381548645	0.0037467805318527614	0.006987276613815374
0.65	-0.048608792758230296	-0.5133163966215493	0.0054366833130349845	0.009685168063801375
0.66	-0.09305801071334574	-0.5165871676902476	0.007879566619870798	0.013396278219512503
0.67	-0.1372128422985634	-0.5184684916219816	0.01140994832585318	0.01849376021231197
0.68	-0.18063646258783678	-0.5190624922021152	0.016511727049583425	0.02548669194014197
0.69	-0.2227791166778943	-0.5185262570950291	0.023885684615511105	0.035069409067801205
0.7	-0.26293971091969465	-0.5170962832634121	0.034548014759778756	0.04818867977447039
0.71	-0.3002103838560128	-0.5151253295171849	0.049974493455012814	0.06613524158790207
0.72	-0.33340494543768284	-0.5131413533908094	0.07231190708834084	0.09066818273316968
0.73	-0.3609625003588124	-0.5119400421165171	0.10468897743350497	0.1241836928361526
0.74	-0.3808211474774353	-0.5127321069750096	0.15167502823244933	0.16994321989840655
0.75	-0.390263108252584	-0.5173810222696404	0.21995850503479358	0.2323799563031561
0.76	-0.3857269373353589	-0.5287871553958291	0.31935492224037476	0.3175069868320387
0.77	-0.3626089105806739	-0.5515161226490617	0.4643093801050264	0.4334534113002385
0.78	-0.31509624351337806	-0.5928339745515345	0.6761466372373349	0.5911528425454644
0.79	-0.23613975458430947	-0.6644281505586869	0.986456716829618	0.8051955173730241
0.8	-0.11779579003426668	-0.7852953017917444	1.4422163727170034	1.0948146361271114
0.81	0.04758779005572983	-0.9866359105025749	2.113582088050243	1.4848771554759557
0.82	0.2643815048876237	-1.320240184813718	3.105825341041509	2.006520911471565
0.83	0.5269554517783734	-1.8730249377537618	4.577742944306014	2.6965807496192697
0.84	0.8053737437858393	-2.79256045922987	6.770272430264864	3.593870679854011
0.85	1.0157146563942812	-4.332538364767099	10.051349796952444	4.728096097841505
0.86	0.9590949756143279	-6.9350664553344235	14.986830904841156	6.092217752674001
0.87	0.19624799241258728	-11.382335049210962	22.453594809081004	7.578324717101882
0.88	-2.2130997253702036	-19.081996594104922	33.82137327626585	8.833153777921368
0.89	-8.261503014767545	-32.6171870732214	51.24652281592397	8.934843035429537
0.9	-22.19066868902751	-56.83696140755066	78.14628153963648	5.663798115802678
0.91	-53.1809152262696	-101.09197925631075	119.95238210091017	-6.176088025974607
0.92	-121.6693720486725	-184.0083456249298	185.24513662917215	-38.75134800709361
0.93	-275.0603114595172	-344.20355429170934	287.1730444574154	-121.15029571343368
0.94	-629.7416399740955	-665.9002052678784	443.87074805190105	-325.7900486197494
0.95	-1494.686225924752	-1345.3186308362317	670.5554624520744	-844.7523831448043