0.	0.39344215198833865	-0.42467179930577004	0.	0.
0.01	0.3966150665506518	-0.42205153733885936	5.684341886080802e-14	3.410605131648481e-13
0.02	0.3995380677226734	-0.41934488706624506	3.836930773104541e-13	8.526512829121202e-14
0.03	0.40221003699937796	-0.4165733627595216	-1.5631940186722204e-13	-8.526512829121202e-14
0.04	0.40463047393544116	-0.4137566927058174	3.836930773104541e-13	-8.810729923425242e-13
0.05	0.4068061046053373	-0.4108899967529851	1.9895196601282805e-13	2.842170943040401e-14
0.06	0.40872278623946556	-0.407985626208756	-4.263256414560601e-13	-1.9895196601282805e-13
0.07	0.41038416462417615	-0.40504884278720965	1.1368683772161603e-13	-1.1084466677857563e-12
0.08	0.4117897458139623	-0.4020920060054891	-1.2789769243681803e-13	5.400124791776761e-13
0.09	0.4129385105223662	-0.3991079615047113	7.105427357601002e-13	1.4210854715202004e-12
0.1	0.41382062242109896	-0.396113758563132	7.105427357601002e-13	-2.8421709430404007e-12
0.11	0.41444856909086525	-0.39310001567926633	-4.547473508864641e-13	-5.4001247917767614e-12
0.12	0.4148104124178644	-0.3900859674691475	-7.275957614183426e-12	-2.1884716261411086e-11
0.13	0.41490820325668665	-0.3870788312542288	-2.1969981389702298e-11	-6.578204647667008e-11
0.14	0.4147375499979091	-0.3840776970972968	-5.354650056688115e-11	-1.7294610188400839e-10
0.15	0.4143018572647179	-0.38108761531590574	-1.190869625133928e-10	-4.639844064513454e-10
0.16	0.4135995784007491	-0.37811018599867907	-2.5784174795262516e-10	-1.1258265431024483e-9
0.17	0.412626006280405	-0.37515964354352604	-5.183977691558539e-10	-2.620595296320971e-9
0.18	0.4113850715410763	-0.3722413534310789	-9.631975217416766e-10	-5.771340738647268e-9
0.19	0.4098734912289075	-0.36934563649037955	-1.6787709000709583e-9	-1.21578409562062e-8
0.2	0.4080872937504125	-0.36649044534449615	-2.6831514787772903e-9	-2.457979064729443e-8
0.21	0.40604835814657747	-0.3636892471978115	-3.876067466990207e-9	-4.790945240529254e-8
0.22	0.40372859598754474	-0.36092466414994817	-4.8332537971873535e-9	-9.033573178385268e-8
0.23	0.40112393398206336	-0.35821777485179496	-4.4044696778655634e-9	-1.651818450909559e-7
0.24	0.3982410201056297	-0.3555678469198398	-1.4408385595743312e-10	-2.9370960419328185e-7
0.25	0.3951058057382397	-0.35298319976851644	1.277973638025287e-8	-5.089647601153047e-7
0.26	0.391691003712225	-0.35046356098673925	4.318064839026192e-8	-8.612565167709363e-7
0.27	0.38799831824307773	-0.3480172419051968	1.0639324443673104e-7	-1.425680352440395e-6
0.28	0.3840219006332575	-0.3456454437136287	2.2795531151587056e-7	-2.3122543453268918e-6
0.29	0.3797814720529544	-0.34335260046194804	4.4898142448346334e-7	-3.6795016171708994e-6
0.3	0.3752692510285982	-0.3411514795962205	8.33864589822042e-7	-5.752317434826182e-6
0.31	0.37049474863984244	-0.33903064341197364	1.4807480539502649e-6	-8.845047620553714e-6
0.32	0.3654246014714033	-0.3370058190222558	2.5360760105286317e-6	-0.000013391133581563963
0.33	0.3600887138186408	-0.3350801762186961	4.213774246863977e-6	-0.0000199807510057326
0.34	0.3544828041244301	-0.3332498065132832	6.820979585597797e-6	-0.0000294079568696759
0.35	0.34860188357936295	-0.3315263837456328	0.00001079113563662304	-0.00004272919546899345
0.36	0.34244909370998755	-0.32990474297075423	0.00001672694330778768	-0.00006133557493193109
0.37	0.3360244168440971	-0.3283972363862082	0.00002545457716252031	-0.00008704065719999932
0.38	0.3293291323025329	-0.32700087913626064	0.00003809215491656914	-0.00012218722867274323
0.39	0.3223619660715755	-0.32571886171423436	0.00005613476479027213	-0.0001697751903053657
0.4	0.31512428813651994	-0.32455064534424327	0.00008155925125663543	-0.00023361453404824317
0.41	0.30761838305877554	-0.3234986922504621	0.00011695214331375325	-0.00031850606460359643
0.42	0.2998444817211827	-0.3225619217996982	0.00016566483664659515	-0.0004304547627898003
0.43	0.2918038472511837	-0.3217387453038736	0.00023199963748687935	-0.0005769189076989534
0.44	0.283497965695938	-0.3210261924864177	0.00032143199853784665	-0.0007671002155973383
0.45	0.274928828548898	-0.3204174286530783	0.0004408734125611602	-0.0010122791381288465
0.46	0.26609615528462527	-0.3199106858278906	0.0005989811886557561	-0.0013262010868011487
0.47	0.2570043193575131	-0.3194926375954683	0.0008065178605747292	-0.0017255162480989128
0.48	0.24765477187713714	-0.31914957516914555	0.001076773000654896	-0.002230283487030249
0.49	0.23805004426056087	-0.31886836924601525	0.0014260461041715189	-0.0028645377034521857
0.5	0.2281936917966476	-0.31861976546967696	0.0018742028510843056	-0.0036569313148717697
0.51	0.2180835597957156	-0.31838015657600494	0.0024453075637467236	-0.004641451574123323
0.52	0.2077266471629713	-0.31811459602483083	0.0031683469483425597	-0.005858220444011408
0.53	0.19711932932115417	-0.3177756019898901	0.004078038246618121	-0.0073543869070640255
0.54	0.1862680060460491	-0.31730529913060224	0.00521574414618442	-0.00918510394200922
0.55	0.17517469237236583	-0.3166492574111146	0.006630495844774487	-0.0114146092480496
0.56	0.16382434149132052	-0.3157035415729581	0.00838012150244083	-0.014117406940080457
0.57	0.15223563332585854	-0.314379455410819	0.010532510054645172	-0.017379539774715624
0.58	0.140384334921265	-0.3125588661229415	0.013166979941701129	-0.021299991153949094
0.59	0.12826727562440965	-0.3100874979881816	0.016375804896313184	-0.02599215749765804
0.6	0.1158627668154395	-0.3067773287428395	0.02026584529639308	-0.031585445244608934
0.61	0.10316801636960804	-0.3024340361742155	0.024960353077489117	-0.038226970238707025
0.62	0.09012626640287635	-0.29676815891703967	0.030600838493654692	-0.04608333138159537
0.63	0.07671559306115228	-0.2894987342546642	0.03734920272805198	-0.05534245184023234
0.64	0.06287633656680214	-0.2802738119797823	0.045389840686738125	-0.06621553735226371
0.65	0.04852955475598719	-0.26864195290736603	0.05493197659325233	-0.07893907923074295
0.66	0.03359392869515432	-0.2541064637031951	0.0662120193425153	-0.09377676276032787
0.67	0.01795830934028686	-0.23604919813444525	0.07949614908858393	-0.11102159788898547
0.68	0.0014693542015038474	-0.21380186179329996	0.09508267426838302	-0.13099785619861848
0.69	-0.016109769952834085	-0.18653197532098176	0.1133048015277609	-0.15406295271581172
0.7	-0.03498570647741417	-0.15329164279734897	0.13453302991223381	-0.18060932412456765
0.71	-0.055475538199118546	-0.11291527439056637	0.159177524447216	-0.21106600962570354
0.72	-0.07792827344263742	-0.06416176565339526	0.1876908734210474	-0.24590003177483766
0.73	-0.10287302100465467	-0.005449180300971079	0.2205693509264961	-0.2856176108198838
0.74	-0.1307988156309534	0.06489734411802317	0.2583556559108615	-0.33076461507580746
0.75	-0.16251033777427892	0.14898272842438587	0.30163923404552406	-0.38192757564544877