0.	0.19706732259441054	-0.15085029638092257	0.	0.
0.01	0.1970487815519544	-0.1508584762903892	0.	0.
0.02	0.19699308729682907	-0.15088297385134003	0.	0.
0.03	0.1969002226245762	-0.15092380482394815	0.	0.
0.04	0.19677012503350874	-0.15098096814049625	0.	0.
0.05	0.1966027079405275	-0.15105446536179823	0.	0.
0.06	0.19639785929641265	-0.15114429770623294	0.	0.
0.07	0.19615544178690855	-0.15125046629215197	0.	0.
0.08	0.19587529248737126	-0.15137297281854148	0.	0.
0.09	0.19555722290071337	-0.15151181886413154	0.	0.
0.1	0.19520101817557559	-0.15166700630477636	0.	0.
0.11	0.19480643706313738	-0.15183853701519348	0.	0.
0.12	0.19437321124526527	-0.15202641302832715	0.	0.
0.13	0.19390104499931698	-0.15223063628690858	0.	0.
0.14	0.19338961457278736	-0.15245120884429428	0.	5.551115123125783e-17
0.15	0.19283856786880657	-0.15268813263588163	8.326672684688674e-17	-1.1102230246251565e-16
0.16	0.19224752319113778	-0.15294140933245934	0.	-8.326672684688674e-17
0.17	0.19161606928259745	-0.15321104058835908	0.	-8.326672684688674e-17
0.18	0.19094376395195944	-0.15349702767523393	4.718447854656915e-16	-3.608224830031759e-16
0.19	0.1902301337614585	-0.1537993716667027	9.71445146547012e-16	-9.159339953157541e-16
0.2	0.18947467260004994	-0.15411807304177336	2.581268532253489e-15	-2.7478019859472624e-15
0.21	0.18867684105696858	-0.1544531319797538	6.2450045135165055e-15	-6.411537967210279e-15
0.22	0.1878360651791458	-0.15480454798022064	1.426636586643326e-14	-1.4765966227514582e-14
0.23	0.18695173581017563	-0.1551723198561656	3.200217868482014e-14	-3.2585045772748344e-14
0.24	0.18602320657362356	-0.155556445643381	6.891709425360659e-14	-7.002731727823175e-14
0.25	0.1850497933069384	-0.15595692258567773	1.4382939284018903e-13	-1.4577228313328305e-13
0.26	0.18403077231495873	-0.15637374679329258	2.921274333544943e-13	-2.9495850206728846e-13
0.27	0.18296537883522404	-0.15680691341947742	5.763445276585344e-13	-5.812017533912694e-13
0.28	0.18185280571138085	-0.1572564161588762	1.1099177132933846e-12	-1.1168843627729075e-12
0.29	0.18069220126483698	-0.15772224748169453	2.090022599432473e-12	-2.096822715458302e-12
0.3	0.17948266801349363	-0.15820439829070257	3.851613472605209e-12	-3.853223295990915e-12
0.31	0.17822328198483517	-0.15870285421568253	6.957573406296547e-12	-6.9403094382636255e-12
0.32	0.17691300392000436	-0.15921761033701834	1.2335632515458883e-11	-1.2266770932356508e-11
0.33	0.175550807104752	-0.15974864790142496	2.1489587886946993e-11	-2.130196019578534e-11
0.34	0.17413558801944198	-0.1602959501012677	3.6823849525191577e-11	-3.638087053836614e-11
0.35	0.1726661829715727	-0.16085949713279388	6.212544367834028e-11	-6.116823714208408e-11
0.36	0.1711413766842531	-0.16143926807519143	1.0328479738141993e-10	-1.0133213712570921e-10
0.37	0.16955990506654867	-0.16203520527987172	1.6934714741623225e-10	-1.655346970608207e-10
0.38	0.16792037361659165	-0.16264734664917582	2.740394022815451e-10	-2.668508192193997e-10
0.39	0.16622135665934384	-0.16327567601635717	4.3796505311277656e-10	-4.247983353966589e-10
0.4	0.16446141002009992	-0.1639200646652084	6.917195705113954e-10	-6.681943609532226e-10
0.41	0.16263893828111256	-0.16458052175060894	1.0802833905199094e-9	-1.0391547344834606e-9
0.42	0.16075228834600463	-0.16525700540317	1.669155313965831e-9	-1.5986319212846212e-9
0.43	0.15879972029113776	-0.16594946947164874	2.5528485714243487e-9	-2.434017876140615e-9
0.44	0.15677940341675506	-0.16665786355538367	3.8665622648093034e-9	-3.6695034233424906e-9
0.45	0.1546894102487335	-0.16738213246432948	5.802103658636426e-9	-5.480070730534692e-9
0.46	0.152527710759067	-0.1681222158224916	8.62943749790901e-9	-8.110262350591313e-9
0.47	0.15029216689928657	-0.16887804824527683	1.2725666104218547e-8	-1.1899161461714769e-8
0.48	0.14798052506708467	-0.16964955864464515	1.8613732971628494e-8	-1.7313411704300563e-8
0.49	0.145590409131119	-0.1704366701013917	2.7013786291218977e-8	-2.4990565589133595e-8
0.5	0.1431193128353302	-0.1712392997884961	3.891092795194062e-8	-3.5795617442380134e-8
0.51	0.140564609502477	-0.17205736529284418	5.564405189395494e-8	-5.089425644810852e-8
0.52	0.13792346913066125	-0.1728907581921108	7.902161636152982e-8	-7.184720318686999e-8
0.53	0.13519299623205225	-0.1737393577241631	1.1147183667792326e-7	-1.0073092762685754e-7
0.54	0.132369949930861	-0.17460313629853993	1.5623621793525722e-7	-1.4029139119853262e-7
0.55	0.12945115421474684	-0.17548188296686856	2.1761803947750735e-7	-1.941381185255331e-7
0.56	0.1264330688946289	-0.1763755081266395	3.012992241535617e-7	-2.6698890878695813e-7
0.57	0.12331198901953896	-0.1772838794158207	4.147429806256042e-7	-3.6497537730939555e-7
0.58	0.12008398462752415	-0.17820685674858822	5.677025819578185e-7	-4.960231913819779e-7
0.59	0.11674488362948715	-0.1791442920863403	7.728613315716171e-7	-6.703223201787178e-7
0.6	0.1132902522892644	-0.1800960294451482	1.0466337508618917e-6	-9.009054646735848e-7
0.61	0.1097153700339847	-0.18106190135110226	1.4101639396746357e-6	-1.2043556141816403e-6
0.62	0.10601523833210813	-0.18204176208277953	1.8905642646671605e-6	-1.601666821476888e-6
0.63	0.10218451022048286	-0.1830353823941982	2.52244335541274e-6	-2.119284733120841e-6
0.64	0.09821731958660918	-0.18404262479127392	3.3497847775065814e-6	-2.7903613814272976e-6
0.65	0.09410772288354152	-0.18506325427843506	4.428249061952383e-6	-3.656246833294574e-6
0.66	0.08984910505152333	-0.18609708261624527	5.827967066315831e-6	-4.768274491084856e-6
0.67	0.0854344345542933	-0.18714389851041857	7.636932916207928e-6	-6.189859276084508e-6
0.68	0.08085614882948586	-0.18820347733529552	9.965090234431706e-6	-7.9989638349931e-6
0.69	0.07610612101612338	-0.1892756303249081	0.000012949235412187954	-0.000010290972298626633
0.7	0.07117551804848679	-0.1903600650079238	0.000016758851574094624	-0.00001318201052061263
0.71	0.06605486288365496	-0.19145656486456397	0.000021603058862201818	-0.00001681275754397693
0.72	0.060733813419264704	-0.19256487956831836	0.00002773875987263641	-0.000021352786672063084
0.73	0.05520112422933132	-0.1936847431674465	0.00003548020054721518	-0.00002700544654454795
0.74	0.049444523526270726	-0.19481593495140231	0.00004521006568300456	-0.00003401331384589312
0.75	0.04345053034903686	-0.19595810365681313	0.00005739220289114472	-0.00004266417361098451
0.76	0.037204375761110055	-0.19711101329082195	0.00007258623478884063	-0.000053297549028386015
0.77	0.030689693438600944	-0.19827436165399964	0.00009146384639880517	-0.00006631166279935652
0.78	0.023888340078047604	-0.19944788061356067	0.0001148269664393714	-0.00008217072729499453
0.79	0.016780059412927074	-0.20063129407665742	0.00014362749990201595	-0.00010141244434536123
0.8	0.00934222904378234	-0.20182432598453062	0.0001789883499066433	-0.00012465532223543407
0.81	0.0015492887108608938	-0.2030267813177169	0.00022222493207954552	-0.00015260592122867678
0.82	-0.006627725317728213	-0.20423853747010162	0.00027486622732290217	-0.00018606525918579697
0.83	-0.015221735998374411	-0.2054596173700849	0.00033867384817031637	-0.00022593408594748232
0.84	-0.024270598531633877	-0.20669028594082403	0.0004156562614325843	-0.0002732173153187911
0.85	-0.033817866078610224	-0.20793120532507403	0.0005080755987861424	-0.0003290261692554808
0.86	-0.043914217218510576	-0.20918366201681265	0.0006184409910443139	-0.0003945797439531551
0.87	-0.05461867120833153	-0.2104498767775815	0.0007494834900053718	-0.00047120476662904087
0.88	-0.06600070820354616	-0.21173353340328235	0.0009041012195182135	-0.000560337334392591
0.89	-0.07814227567873305	-0.2130405500699202	0.0010852657574254299	-0.0006635278929242039
0.9	-0.09114070216306687	-0.2143801703567183	0.0012958710941897572	-0.000782457693907862
0.91	-0.10511204431119395	-0.21576661891644322	0.0015385071885500035	-0.0009189763513624272
0.92	-0.120195264483138	-0.21722153335922156	0.0018151327798698602	-0.0010751787322593465
0.93	-0.13655687933255004	-0.21877736425084232	0.0021266187415557025	-0.0012535470562296258
0.94	-0.15439755190011803	-0.22048296273375528	0.002472129068707668	-0.0014572113384878072
0.95	-0.1739567192501282	-0.22240991015500616	0.002848313862696905	-0.001690352559662961