0.	-0.02634573682185193	-0.8866166894799536	0.	0.
0.01	-0.06652554983838616	-0.8903560484440398	-1.1962653090336062e-13	3.282929483816588e-13
0.02	-0.10711057398299484	-0.892611815939985	4.79061235125755e-13	6.112332862073799e-12
0.03	-0.14803177318614658	-0.8933519860760136	-8.603839862786344e-12	-5.473399511402022e-13
0.04	-0.189217875841185	-0.8925475674149848	4.393985175710213e-12	-7.054357098468245e-13
0.05	-0.23059501982163783	-0.8901706826196785	1.706912389209947e-11	-7.51443351987291e-12
0.06	-0.2720891523371632	-0.8862000042066082	-4.6218029403632954e-12	-2.0465296124427823e-11
0.07	-0.3136212123234304	-0.8806124405019816	5.319200635511834e-11	2.1716850540087762e-11
0.08	-0.35511125504838437	-0.8733914898935928	-2.478128813265812e-12	-1.7859047574120268e-12
0.09	-0.39647702269638485	-0.8645243372366525	-8.183342892209566e-12	-5.8161475635643e-11
0.1	-0.4376342824065488	-0.8539988990810345	3.046352059499213e-11	-4.080935589456658e-11
0.11	-0.47849691313013487	-0.841809806460927	-9.539979917150276e-12	2.490263550924965e-11
0.12	-0.5189779252133975	-0.8279535051461493	-1.530742199662427e-11	-9.995670957607672e-12
0.13	-0.558984537084886	-0.8124343740467078	4.160238820105633e-11	-5.912159650733884e-12
0.14	-0.5984306059833799	-0.7952558339119449	5.138756087319507e-11	-3.077538224260934e-13
0.15	-0.6372211920038138	-0.7764275524129111	1.906919067096169e-12	-1.278921413216949e-11
0.16	-0.6752639436298217	-0.7559647635309789	-4.533484698754364e-11	-6.265210572564683e-12
0.17	-0.7124636198721007	-0.7338844666147826	-3.9268033269479474e-11	-3.466382736405649e-11
0.18	-0.748725573076261	-0.7102103525938234	-4.616718118910512e-11	1.4579448759377556e-11
0.19	-0.7839540283753363	-0.6849698950891815	2.700073498118627e-11	-2.315814207065614e-11
0.2	-0.8180527469149476	-0.6581951764236011	2.4102053686192448e-11	-6.786815553994074e-11
0.21	-0.8509252597677691	-0.6299218308522558	-3.6817326964921904e-11	7.293698978116936e-11
0.22	-0.8824742280203565	-0.600194892277463	9.631662134523822e-11	6.3203997591188e-11
0.23	-0.9126045789761699	-0.5690568204379194	1.252256076611502e-10	5.88050719230182e-11
0.24	-0.9412198907315447	-0.5365599672230511	1.728625020902541e-10	2.557887235354883e-11
0.25	-0.9682241621063937	-0.5027604008168522	2.8968594190104113e-10	-1.0138001549364617e-11
0.26	-0.9935217909556857	-0.46771825401770173	4.954333610029948e-10	1.331452725850113e-10
0.27	-1.0170194866387454	-0.4314992542108653	7.918392608274871e-10	4.3263886917443983e-10
0.28	-1.0386245315310574	-0.3941736462369112	1.4988628116441305e-9	5.824026261258552e-10
0.29	-1.0582456402740885	-0.35581642349631415	2.863575376821359e-9	9.294895964018224e-10
0.3	-1.0757926381459035	-0.3165065660091957	5.064346053629265e-9	1.539039173881207e-9
0.31	-1.0911793199089201	-0.27633103407958437	9.079975882286817e-9	2.767832740779852e-9
0.32	-1.104319006369199	-0.2353756889571076	1.5597146019175057e-8	4.50735510026945e-9
0.33	-1.11512946818901	-0.193734948892946	2.636849982806666e-8	7.326475370827978e-9
0.34	-1.1235295205159093	-0.15150653020505894	4.4025165513161824e-8	1.151794448706056e-8
0.35	-1.1294419370863285	-0.10879267270390425	7.229778020700905e-8	1.8199780238425944e-8
0.36	-1.1327929216699748	-0.06569904529734849	1.1699504787188175e-7	2.8147965958069676e-8
0.37	-1.1335120016518347	-0.022335389856952492	1.8650956556953702e-7	4.3761295365207786e-8
0.38	-1.1315325898276758	0.02118494528245085	2.932254679066659e-7	6.783630046580669e-8
0.39	-1.12679228620188	0.06474524485539213	4.549892616001472e-7	1.043475507112035e-7
0.4	-1.1192325045465932	0.10822579719804248	6.971660742038921e-7	1.6085238518925848e-7
0.41	-1.10880166237847	0.1515038939144338	1.055859407905757e-6	2.4789546160253195e-7
0.42	-1.0954518505914357	0.19445437589990106	1.5805900124288286e-6	3.8181805966930327e-7
0.43	-1.079139584003176	0.2369512616647288	2.3405008342525235e-6	5.893669036693971e-7
0.44	-1.0598287616359798	0.2788649878401953	3.4289199393189307e-6	9.100292113761732e-7
0.45	-1.0374896186839013	0.32006627764239737	4.971207536730304e-6	1.4052407349418594e-6
0.46	-1.012098814497425	0.360425095407777	7.134128648944582e-6	2.1695948080879823e-6
0.47	-0.9836404381403112	0.3998110536244194	0.000010135902111629846	3.3461677672597112e-6
0.48	-0.9521060585151531	0.4380949269290092	0.000014256681329705145	5.150929344277522e-6
0.49	-0.917495543599583	0.4751488017848676	0.000019852029886746614	7.9090173417673e-6
0.5	-0.8798175875823514	0.5108470598456801	0.00002736119230528633	0.000012105451449584415
0.51	-0.839090367737255	0.5450672946771198	0.00003731435432685615	0.000018459113361735113
0.52	-0.7953421320694773	0.577691026425385	0.00005032748527122877	0.00002802855504613344
0.53	-0.7486127738814878	0.6086064344581023	0.00006708229474639005	0.000042363826697422446
0.54	-0.6989539498816298	0.6377064408181473	0.00008827147956202985	0.00006372096654505555
0.55	-0.6464310540353838	0.6648936234443673	0.00011449658167694832	0.0000953607332692119
0.56	-0.5911236226551878	0.6900792359550194	0.00014608014708250572	0.00014197276960159488
0.57	-0.5331290110162451	0.7131868422258301	0.00018274607922619257	0.00021025960813103595
0.58	-0.472563510824754	0.734153370060441	0.0002231019537295431	0.0003097525154963643
0.59	-0.40956571548863496	0.7529316523752059	0.0002638031902723048	0.0004539269194498985
0.6	-0.3443004271192579	0.7694928582765743	0.00029825586899134837	0.000661739891696711
0.61	-0.27696365013040475	0.7838298160018973	0.0003146087025341915	0.0009597171499111656
0.62	-0.20778886309749384	0.795959365906958	0.00029269747042037775	0.0013847912891742364
0.63	-0.13705665840542347	0.8059257034880329	0.00019942660235783283	0.0019881186070178636
0.64	-0.06510419055439731	0.8138039782683549	-0.000018141762181678178	0.002840197887844176
0.65	0.0076590818250037995	0.8197027621164544	-0.00044308795596409434	0.004037675583829947
0.66	0.08073244022994197	0.8237663931105648	-0.0012038912191268403	0.005712330046452108
0.67	0.1534992712943955	0.8261746192321515	-0.0024969485926885637	0.008042834038162194
0.68	0.22518693615185065	0.8271388278874086	-0.004619726832692239	0.011270024349651298
0.69	0.2948584009032772	0.826904372602367	-0.008019224123499868	0.015715977334884057
0.7	0.36128524645835547	0.8257113212899947	-0.013363515873679399	0.02180914930769262
0.71	0.4229644912081603	0.8237941168884871	-0.021645385841723153	0.030113154224659877
0.72	0.47795470286095487	0.8212993096262495	-0.034335284579185665	0.04136319399695343
0.73	0.5238176459260075	0.8182247159422267	-0.05360314042613301	0.05650466266907328
0.74	0.5574519774352502	0.8142598694758468	-0.08264426828207927	0.07673415944119777
0.75	0.5749468370400466	0.8085708084864807	-0.1261550462315002	0.10353250792168633
0.76	0.5714114024595225	0.7994451924568101	-0.1910296199816005	0.13867481095959222
0.77	0.5408118681938295	0.7837440952592178	-0.28738157793923236	0.18418751941838862
0.78	0.47587101252701597	0.7560556782106009	-0.43004409024547613	0.24219729500932086
0.79	0.3681344942125023	0.7073922539060178	-0.6407774509925208	0.31457230044465445
0.8	0.20840190074956572	0.6232008336313029	-0.9515240360082655	0.40218125374862906
0.81	-0.012090561104883463	0.4803369817186531	-1.4092179408885663	0.5034613842871241
0.82	-0.2990185129067208	0.2424804554630473	-2.0829091156017476	0.6117527316319368
0.83	-0.6495159062064877	-0.14675494367789554	-3.0743327124694204	0.7104473118199492
0.84	-1.0414305200199943	-0.7740877006637009	-4.533616969672659	0.7642790067143049
0.85	-1.4126366766621037	-1.7716510491773085	-6.682633329249697	0.7037834050041838
0.86	-1.621624028093867	-3.338618894447691	-9.8496603671577	0.39764638650282214
0.87	-1.3725760550158719	-5.770910686146252	-14.520610589228438	-0.39655195754314043
0.88	-0.07232254356795309	-9.498594089969632	-21.413994630519557	-2.1204182768376647
0.89	3.445515666964182	-15.123485540788497	-31.588428949470604	-5.573165349152777
0.9	11.460764996308844	-23.42767879195583	-46.59068531023953	-12.19864997869982
0.91	28.447438072470284	-35.2605392225413	-68.64227940329565	-24.60959339331241
0.92	63.296813625916855	-51.02935591190705	-100.82330727105668	-47.551632916291
0.93	134.05961169820606	-68.97877424639111	-147.08561519238046	-89.67961528054504
0.94	278.55421823892385	-79.76082030824963	-211.5391981295241	-166.79230507851844
0.95	579.6600806470909	-49.101835084766435	-295.268002466374	-307.40700919555434