0.	0.28489661431256685	-0.4517710179607377	0.	0.
0.01	0.2951584255608566	-0.44461574833864503	2.7995383788947947e-12	-8.174794174919953e-12
0.02	0.3050857937681526	-0.4372605265317162	1.2922107828217122e-11	-5.353939513952355e-12
0.03	0.31467299667000415	-0.429719151972364	6.633804616740235e-12	3.680611371237319e-12
0.04	0.32391470124843735	-0.4220053633832457	1.255884285455977e-11	-2.0129675704083638e-11
0.05	0.3328050881243243	-0.4141359026612328	-2.2744472971680807e-11	2.27018404075352e-12
0.06	0.3413386659662354	-0.40612755632468023	-8.665068662594422e-12	-1.0018652574217413e-12
0.07	0.34951203143213316	-0.3979968142202175	3.12061487761639e-11	-4.341416115494212e-12
0.08	0.3573213218095628	-0.3897618959643765	2.985878211347881e-11	2.857802883227123e-11
0.09	0.36476339181195705	-0.38143636774671563	-4.979128220838902e-12	2.079048044834053e-11
0.1	0.37183625060322	-0.37303811280474797	-2.5417890014978184e-11	-2.2607693495046988e-11
0.11	0.3785384740390416	-0.36458341391135995	1.2034817586936697e-11	2.3108626123757858e-11
0.12	0.3848693419079563	-0.35608838316745484	1.3669243514868867e-10	4.1447734133726044e-11
0.13	0.3908283336588454	-0.3475690227729853	1.5772094741350884e-10	1.4477308241112041e-11
0.14	0.3964170314910138	-0.3390408875128692	-1.3491430195244902e-11	-7.640466037628357e-11
0.15	0.40163624208789983	-0.33051953229230335	5.843858730258944e-11	-3.7417180465126876e-11
0.16	0.40648795632138146	-0.3220187647951409	4.9658055445434e-11	8.222222902531939e-11
0.17	0.41097421883439367	-0.31355655907431235	3.5063507652921544e-11	1.7434942378713458e-11
0.18	0.4150989931800382	-0.3051456674769497	4.6336268155755533e-11	7.483613728709315e-11
0.19	0.41886567817363485	-0.296800630933447	2.510525121124374e-11	7.598011109166691e-11
0.2	0.4222785487273111	-0.28853545170284534	-8.86934969912545e-12	-1.921129921811371e-11
0.21	0.42534311377030853	-0.28036510437463136	1.2028245066630916e-10	5.028155669606349e-11
0.22	0.42806353803011454	-0.2723000864387046	7.58841878223393e-11	-2.7057467377744615e-11
0.23	0.4304463433080663	-0.26435453727292035	-2.4568791445744864e-11	1.4364864853178005e-10
0.24	0.43249795923787104	-0.25654083767829405	-1.6964207816272392e-12	1.3648993046899704e-10
0.25	0.43422475611614963	-0.2488711769147791	2.0941470779689553e-11	3.5560177025217854e-10
0.26	0.43563479044988007	-0.24135530438497277	-8.564526865484368e-11	6.0539839807916e-10
0.27	0.4367354739347782	-0.23400742606924396	-1.6352252885099006e-10	1.0824052765201486e-9
0.28	0.437535368072977	-0.22683613569921945	-4.3287862183660764e-10	1.7940102736702102e-9
0.29	0.438042668451331	-0.2198518647570893	-1.0749516832220252e-9	3.199271958465033e-9
0.3	0.43826625464654967	-0.21306418309681963	-2.2383606079756646e-9	5.097009925236762e-9
0.31	0.4382161225148202	-0.20648340678883237	-4.341968562471266e-9	8.09216604835683e-9
0.32	0.4379001564079452	-0.20011567534376784	-8.156197495168271e-9	1.2625569034696582e-8
0.33	0.4373289352040981	-0.19397012866364438	-1.4609414122901399e-8	1.944282423949062e-8
0.34	0.4365120296205536	-0.1880545606261581	-2.5273999781916245e-8	2.9233290455010774e-8
0.35	0.4354599224651565	-0.1823744555669835	-4.233128692021637e-8	4.298336442332129e-8
0.36	0.4341838249423411	-0.17693817984755622	-6.943945152215747e-8	6.200476310169734e-8
0.37	0.43269372360958513	-0.17175077613036116	-1.1119101017698085e-7	8.769528392349457e-8
0.38	0.4310003412313286	-0.16681750882638013	-1.7449262124102916e-7	1.2167523433248562e-7
0.39	0.4291153723686989	-0.16214427087560335	-2.6890137050372687e-7	1.6544372005711239e-7
0.4	0.4270479950489765	-0.15773309090366983	-4.073145056793237e-7	2.2067995386620964e-7
0.41	0.4248098232624393	-0.15358900932834896	-6.077519500991002e-7	2.8834359699914103e-7
0.42	0.42241144488968274	-0.14971348613503555	-8.938117996848405e-7	3.684588856245341e-7
0.43	0.4198652362726243	-0.14611122121433429	-1.2970830738368022e-6	4.5973181883596226e-7
0.44	0.4171813746755557	-0.14278341962915153	-1.8589524923839917e-6	5.580153832340784e-7
0.45	0.4143707496242488	-0.13973159278142777	-2.6332681226648447e-6	6.554318483509292e-7
0.46	0.41144502933826743	-0.13695794461765054	-3.6893148287475697e-6	7.383547622197284e-7
0.47	0.40841301038666167	-0.13446119396573408	-5.115362535335066e-6	7.851409482562133e-7
0.48	0.40528571574697203	-0.13224072875857473	-7.023297401431705e-6	7.629805085507257e-7
0.49	0.4020749425455463	-0.13029824900955944	-9.553170016829426e-6	6.234353415734972e-7
0.5	0.39879018351978246	-0.12863209528144814	-0.000012879718424230191	2.980749433945107e-7
0.51	0.3954414896858278	-0.1272409206198546	-0.000017218319944944938	-3.090014395468188e-7
0.52	0.3920393430471858	-0.12612465080311797	-0.00002283341882680645	-1.3286606308504645e-6
0.53	0.38859172503157424	-0.12527703504329324	-0.000030046932295135775	-2.937375350064997e-6
0.54	0.3851089418153677	-0.12469948830319666	-0.00003924790700615688	-5.36948338769605e-6
0.55	0.38160062784667126	-0.12438773232615308	-0.000050903845798089264	-8.93248786493217e-6
0.56	0.37807589158036237	-0.12434036787109726	-0.00006557222324410361	-0.000014025786165383636
0.57	0.3745420539415676	-0.12455131307614487	-0.00008391398666418581	-0.000021162611041347645
0.58	0.3710076082784717	-0.12501719683942092	-0.00010670757304076517	-0.000030996683300088534
0.59	0.36748198775932295	-0.12573614219699225	-0.00013486398423978585	-0.000044353792356677246
0.6	0.3639723742580916	-0.12670361372445438	-0.00016944265205154352	-0.00006226912135520735
0.61	0.3604874578451156	-0.1279160036120066	-0.00021166799429295224	-0.00008603043676469468
0.62	0.3570328477362228	-0.12936580634058892	-0.0002629462557290907	-0.00011722945391845485
0.63	0.3536177648485399	-0.13105222919070325	-0.00032488173602729375	-0.00015782065263625356
0.64	0.3502499547689766	-0.13297029500940027	-0.0003992935002781195	-0.0002101893463182236
0.65	0.3469355348668248	-0.13511235417802592	-0.0004882302425119889	-0.00027723013632563465
0.66	0.34368231678702443	-0.13747767304170644	-0.0005939829706473887	-0.0003624364126206814
0.67	0.3404997673389527	-0.1400608388590756	-0.0007190961103926696	-0.0004700017161871628
0.68	0.3373942966057193	-0.1428544925418631	-0.0008663740795320507	-0.0006049351663071079
0.69	0.3343748481695936	-0.14585681677498918	-0.0010388828967702324	-0.0007731914334216938
0.7	0.3314520319237033	-0.14906346886781208	-0.0012399458040324163	-0.0009818156909160436
0.71	0.3286342717440096	-0.15246642476007555	-0.001473131595449928	-0.0012391060727958703
0.72	0.3259341871088104	-0.15606356798209475	-0.001742231169728825	-0.0015547949825540641
0.73	0.32336433400811515	-0.159849607521795	-0.0020512246104864573	-0.00194024796101111
0.74	0.3209374942537888	-0.1638183768092345	-0.0024042326899795796	-0.002408683765725783
0.75	0.3186721727954165	-0.16796414897941148	-0.00280545056173942	-0.00297541543290869
0.76	0.3165845889194827	-0.17228071028641345	-0.0032590638727771903	-0.003658113033224275
0.77	0.3146984937457251	-0.17676100516851534	-0.0037691373181303334	-0.004477088760596715
0.78	0.31303705609199994	-0.18139603499312074	-0.004339481254243438	-0.005455605297656874
0.79	0.3116286587839898	-0.18617672477545888	-0.004973481464192631	-0.006620205478357732
0.8	0.3105082173921634	-0.19109189519422998	-0.00567389427858167	-0.008001067095008807
0.81	0.30971235729309754	-0.19612734675191135	-0.006442604771297766	-0.009632376627457973
0.82	0.3092861541527121	-0.20126548143743506	-0.007280330014582503	-0.011552722209644983
0.83	0.3092802799926986	-0.2064892935192031	-0.008186274318859432	-0.013805516974443321
0.84	0.3097538904228436	-0.21177328532411366	-0.009157725269082206	-0.01643941618562117
0.85	0.3107746844886208	-0.2170886057817878	-0.010189579859464004	-0.019508768773631502
0.86	0.3124207395383589	-0.22239930006177389	-0.01127379760851177	-0.023074066151769657
0.87	0.3147801224023947	-0.22766460054484305	-0.01239877171322945	-0.027202403631710226
0.88	0.317957315521765	-0.23282864697698358	-0.013548602217518635	-0.03196790556255813
0.89	0.32206666717375754	-0.23783364240746785	-0.014702278064572027	-0.03745221957610667
0.9	0.3272403320034538	-0.24260196774734055	-0.015832746007339082	-0.04374487868461685
0.91	0.3336307805845724	-0.2470462718745079	-0.01690583144482183	-0.05094373178859257
0.92	0.3414033900025366	-0.2510598424674484	-0.017879105927129046	-0.059155292412356175
0.93	0.3507564177607083	-0.25451575238099977	-0.018700449860633128	-0.06849497592919107
0.94	0.3619032925736114	-0.2572641619396929	-0.019306682203561465	-0.07908738199551202
0.95	0.37508640528386117	-0.2591281711293547	-0.01962185251090176	-0.09106639139607609