0.	-0.33916457964249014	0.4407235699920288	0.	0.
0.01	-0.3248383326457346	0.4510670325520765	1.5853984791647235e-13	1.3572476476042539e-13
0.02	-0.3100777328194312	0.4610834122066949	2.0439205883349132e-13	2.5979218776228663e-13
0.03	-0.2949036734242173	0.47074215683322396	5.562772464884347e-13	2.2037927038809357e-13
0.04	-0.27933875368522293	0.48001966424526366	4.705125178361413e-13	-7.367439991412539e-13
0.05	-0.26337704319970845	0.4888750335570673	4.760636329592671e-13	-2.942091015256665e-14
0.06	-0.2470286787196321	0.4973053146791784	-6.81760203846693e-13	-8.802958362252866e-13
0.07	-0.2303040006809682	0.5052778871577379	7.397416013077418e-13	-1.4976908602193362e-12
0.08	-0.21321900591448636	0.5127693264180365	3.460842723512769e-13	5.824229987183571e-13
0.09	-0.19578201602607892	0.5197412551092664	1.6583956430338276e-12	-7.284173264565652e-13
0.1	-0.17800079890005047	0.5261813583936787	-2.3236967905404526e-13	-1.634581359155618e-12
0.11	-0.15989448673220738	0.5320556624609897	-5.957068172079971e-12	4.3154368967179835e-13
0.12	-0.14147814344352175	0.5373422881026497	-1.7256529538656196e-11	6.549316644566261e-12
0.13	-0.12277660319449973	0.5420098065077575	-5.232944633171144e-11	2.939770649135198e-11
0.14	-0.10379388317129354	0.5460327091196127	-1.392295445601377e-10	8.989797795067034e-11
0.15	-0.08454850958232682	0.5493855888390636	-3.483192623221498e-10	2.4731250380938263e-10
0.16	-0.06507038726433595	0.5520388714222082	-8.100689008472273e-10	6.454603518335489e-10
0.17	-0.04537358336815381	0.5539642240884415	-1.7741850488750543e-9	1.5715627688095424e-9
0.18	-0.02548519067032448	0.5551375691560873	-3.716936924913483e-9	3.610800769493494e-9
0.19	-0.005427668094945465	0.5555322454687599	-7.450345645976242e-9	7.885162189857908e-9
0.2	0.014775343482509168	0.5551137853238732	-1.4397726733061944e-8	1.649366321299084e-8
0.21	0.03509789487733739	0.5538631956573246	-2.6937393315940028e-8	3.319683572478027e-8
0.22	0.05550933956374579	0.5517487478220844	-4.8949454684033e-8	6.455551615491828e-8
0.23	0.0759812146409747	0.5487435605262012	-8.669698323138242e-8	1.217565978040014e-7
0.24	0.0964819066982906	0.5448244204354844	-1.5004025874509885e-7	2.2346807149187242e-7
0.25	0.11697924941143677	0.5399627663823223	-2.5434602192453415e-7	4.0020938751883506e-7
0.26	0.13744266126707932	0.5341299877437133	-4.231267575205422e-7	7.010585620914611e-7
0.27	0.15783304775647086	0.5273057774577956	-6.919452532339054e-7	1.2037138223952581e-6
0.28	0.17811402942424004	0.5194658234611899	-1.113882694470103e-6	2.029451430685114e-6
0.29	0.19825231582039776	0.5105814773408665	-1.767167496224964e-6	3.365189242487965e-6
0.3	0.21820303041310957	0.5006301321266	-2.7657803725045227e-6	5.495537003463724e-6
0.31	0.23792638433596314	0.48959217111396824	-4.273851643782356e-6	8.849224096441066e-6
0.32	0.25738229527422546	0.47744417772618253	-6.525132951740176e-6	0.00001406543256954329
0.33	0.2765259212931601	0.46416614768944764	-9.84897245476235e-6	0.00002208805458231433
0.34	0.29531135136863523	0.4497381276347852	-0.00001470441380363452	0.000034298497659623894
0.35	0.3136929813864106	0.43414122047892445	-0.0000217247910951901	0.00005270147459207619
0.36	0.33162390223328564	0.41736062127349266	-0.00003177513420027367	0.0000801830793107361
0.37	0.34905509396835194	0.39938296218625297	-0.00004602515323198775	0.00012086717729520302
0.38	0.3659371110755265	0.38019363271736745	-0.00006604132660870121	0.00018060430155564244
0.39	0.38221655658652165	0.35978227703540483	-0.00009390146809240552	0.00026763881982444504
0.4	0.39784538312819767	0.33814331014267773	-0.0001323354496815532	0.0003935147997063404
0.41	0.4127662307423433	0.31527342901343025	-0.00018489652379871657	0.0005742985717335225
0.42	0.4269283322798405	0.29117426029551413	-0.0002561656731723261	0.0008322240351940624
0.43	0.4402797030210608	0.26585189143077576	-0.00035199303703592477	0.0011978935201579222
0.44	0.4527630471323416	0.23932106171770956	-0.0004797784292948082	0.0017132130680298507
0.45	0.4643263780779572	0.21160445793683832	-0.0006487879519141981	0.002435292598720995
0.46	0.4749177589653668	0.18273764384303903	-0.0008705067985506076	0.003441609276727403
0.47	0.4844856406299789	0.15277150988946112	-0.0011590152146088162	0.004836821183963502
0.48	0.492979199423077	0.12177649666950272	-0.0015313752530401459	0.00676173463369234
0.49	0.5003570281970078	0.08985035082114137	-0.0020079958541426857	0.009405078962488933
0.5	0.5065772641417394	0.0571267656581321	-0.002612947784214281	0.013018914285078842
0.51	0.511609314129316	0.023784721520761	-0.0033741455645862617	0.017938775475449836
0.52	0.5154340178091619	-0.009931915125887286	-0.0043233368778734516	0.024609932105432997
0.53	0.518046981852579	-0.043698460646343334	-0.0054957522797831615	0.03362157020880824
0.54	0.5194683562516371	-0.07707901585783274	-0.006929255517058586	0.04575122848715259
0.55	0.5197485782555248	-0.10949053190666506	-0.00866277396313786	0.062022461222127
0.56	0.5189818830745572	-0.1401550665422942	-0.010733668737707758	0.08377959805126342
0.57	0.5173257156241367	-0.1680349367865031	-0.01317364976549884	0.11278457597591035
0.58	0.5150197177502019	-0.19174762307888152	-0.01600271095193606	0.1513422037159359
0.59	0.5124202142034294	-0.2094511532230416	-0.019220306653388808	0.20246220051833658
0.6	0.5100454792773478	-0.21869654515635784	-0.022792909298767428	0.27006855896684084
0.61	0.5086312900186014	-0.21622585397328256	-0.026636755933539757	0.3592700788667421
0.62	0.5092171762411951	-0.19770922436998387	-0.03059428761747196	0.4767097869645909
0.63	0.5132547678584078	-0.15739352401958498	-0.03440243370616236	0.6310161915793774
0.64	0.5227621581949902	-0.0876393726786111	-0.037650308735888705	0.8333859609159386
0.65	0.5405308611246795	0.021702172846213508	-0.0397241242198092	1.098336904917699
0.66	0.5704091686248322	0.18410656673017928	-0.03973504796081129	1.444680077378487
0.67	0.6176890464910063	0.4174738122096556	-0.0364276228277538	1.8967762823311989
0.68	0.6896349641033757	0.7455876031821027	-0.028063850452825445	2.4861602187667002
0.69	0.796206325578815	1.200066568647565	-0.012279671767002287	3.253639977385599
0.7	0.9510462716338985	1.8229745854337236	0.014088811415665758	4.252012165630582
0.71	1.1728393354072015	2.6703265283493023	0.055209648108251796	5.549574051216522
0.72	1.4871789741174246	3.816801165043934	0.11648632912789947	7.234665936928075
0.73	1.9291391706124363	5.362102927356826	0.2047985783056101	9.421544013693701
0.74	2.546840347823058	7.4395717038915254	0.32872865190620937	12.25796964572511
0.75	3.4063916723252574	10.227881405919458	0.4987022971037316	15.935000983263118