0.	0.24606112322079482	-0.1321340816336583	0.	0.
0.01	0.24745434454439857	-0.1292719458369888	4.996003610813204e-16	-7.216449660063518e-16
0.02	0.24875868572499382	-0.12641074960916443	-5.273559366969494e-16	-1.1102230246251565e-15
0.03	0.24997518414258546	-0.12355239713944127	-1.6375789613221059e-15	-4.496403249731884e-15
0.04	0.25110485544317096	-0.12069874989912027	-7.771561172376096e-16	-4.996003610813204e-16
0.05	0.2521487194840013	-0.11785163897903816	1.887379141862766e-15	-8.1601392309949e-15
0.06	0.25310779932298244	-0.11501286226648355	-7.993605777301127e-15	1.1657341758564144e-14
0.07	0.2539831245165086	-0.11218419070449587	-1.0547118733938987e-14	4.440892098500626e-15
0.08	0.254775729061523	-0.10936736544755993	-3.4416913763379853e-15	-1.1102230246251565e-15
0.09	0.25548665293724626	-0.10656410045142878	1.3100631690576847e-14	-2.3869795029440866e-15
0.1	0.25611694206194147	-0.10377608238075098	2.1094237467877974e-15	1.2212453270876722e-15
0.11	0.2566676487860148	-0.10100497197035568	-1.0103029524088925e-14	-9.880984919163893e-15
0.12	0.25713984731990036	-0.09825238705461586	-1.5432100042289676e-14	7.438494264988549e-15
0.13	0.25753457518628387	-0.09551997308146998	8.548717289613705e-15	1.7763568394002505e-15
0.14	0.2578529210432442	-0.09280929961191609	-2.275957200481571e-14	6.439293542825908e-15
0.15	0.258095967297464	-0.0901219299463481	-9.992007221626409e-16	6.050715484207103e-15
0.16	0.2582648048500852	-0.08745940454424289	1.199040866595169e-14	1.354472090042691e-14
0.17	0.25836052871013937	-0.0848232115603807	-7.327471962526033e-15	1.715294573045867e-14
0.18	0.25838427752881976	-0.08221495566795906	-2.4202861936828413e-14	3.3861802251067274e-15
0.19	0.2583371276429659	-0.07963598751836726	2.1316282072803006e-14	-1.304512053934559e-14
0.2	0.25822022768341335	-0.07708780844370583	-1.2601031329495527e-14	-1.0158540675320182e-14
0.21	0.2580347181925887	-0.07457185225576568	-2.942091015256665e-15	-2.858824288409778e-14
0.22	0.25778175087939575	-0.07208953297385773	-4.163336342344337e-15	-4.363176486776865e-14
0.23	0.2574624894110771	-0.06964224474641195	1.715294573045867e-14	-6.616929226765933e-14
0.24	0.25707810937136877	-0.06723136193630352	7.749356711883593e-14	-1.517674874662589e-13
0.25	0.25662979931829144	-0.06485823989880157	1.5643042416968456e-13	-3.127498260369066e-13
0.26	0.25611876078364154	-0.06252421478984055	3.6887159993170826e-13	-6.539213615042172e-13
0.27	0.2555462090920109	-0.060230603943721595	7.39353023249123e-13	-1.2200240817605845e-12
0.28	0.25491337373073775	-0.05797870572655528	1.4886980537198724e-12	-2.3859247910706927e-12
0.29	0.2542215145088978	-0.055769782247674204	2.8771984794673244e-12	-4.375333428896511e-12
0.3	0.25347186038557423	-0.05360512996348238	5.511091583088046e-12	-7.898293130637057e-12
0.31	0.25266570131361465	-0.0514859734341111	1.0059841848431006e-11	-1.3951895194708186e-11
0.32	0.25180434038070615	-0.04941355514314544	1.8218093700284044e-11	-2.4143076426952348e-11
0.33	0.25088906128456967	-0.047389043981928836	3.236722001531689e-11	-4.107858497803818e-11
0.34	0.24992120143916555	-0.04541364330624542	5.6342486232097144e-11	-6.863287715930255e-11
0.35	0.24890210390173584	-0.04348852041904261	9.65257873630776e-11	-1.1279199796376815e-10
0.36	0.247833129918614	-0.041614822756082304	1.6271636815723411e-10	-1.8243634380965545e-10
0.37	0.2467156595927813	-0.03979367867081873	2.70154565384928e-10	-2.90842905315003e-10
0.38	0.2455510924160347	-0.03802619652302419	4.4220802020156214e-10	-4.5716136432005783e-10
0.39	0.24434084760827443	-0.036313464411426244	7.14293568737645e-10	-7.089345221977794e-10
0.4	0.2430863646002242	-0.034656550439314926	1.1388131826439718e-9	-1.0851702869629776e-9
0.41	0.24178912265337305	-0.03305648513807791	1.7935330720586506e-9	-1.6409466563338526e-9
0.42	0.24045056880071317	-0.031514325234952734	2.791856468231657e-9	-2.4522681663086132e-9
0.43	0.23907223207074746	-0.030031079008329797	4.2976371072978026e-9	-3.6233132605367757e-9
0.44	0.23765562086878983	-0.028607686875386562	6.545324726658919e-9	-5.2958799567903725e-9
0.45	0.23620229327112288	-0.027245125169411577	9.86759565724249e-9	-7.659886280819705e-9
0.46	0.23471382179136047	-0.02594432740509367	1.473151717279464e-8	-1.0967604546774368e-8
0.47	0.23319180240735007	-0.024706201626753854	2.1788298942837514e-8	-1.5551222531939857e-8
0.48	0.23163785478638899	-0.023531630850287477	3.193769559928228e-8	-2.1842986530629105e-8
0.49	0.23005362487953068	-0.022421470842445335	4.641363535173859e-8	-3.040048845992516e-8
0.5	0.22844080239319584	-0.021376538275261536	6.689539333581962e-8	-4.193545183328595e-8
0.51	0.22680104791363281	-0.020397680095436244	9.565160849489551e-8	-5.734733088402777e-8
0.52	0.22513609029330683	-0.019485612314001644	1.357268286372726e-7	-7.776207339160734e-8
0.53	0.22344768178820257	-0.018641094787223755	1.9117900468268445e-7	-1.0457420912546311e-7
0.54	0.2217375943225147	-0.01786483538002448	2.6738175654128504e-7	-1.3949232230414665e-7
0.55	0.22000762850374156	-0.017157508411210665	3.714080291095101e-7	-1.8458751749328428e-7
0.56	0.2182596093911523	-0.016519753993799124	5.125110605075367e-7	-2.4234081824614506e-7
0.57	0.21649541184687265	-0.015952167770448777	7.027274105952941e-7	-3.156859513242516e-7
0.58	0.214716871869949	-0.015455356933945896	9.57626637293485e-7	-4.0804543743888644e-7
0.59	0.21292591472476888	-0.015029794456773715	1.2972413997724974e-6	-5.233483643674042e-7
0.6	0.21112447649821398	-0.014675988440520205	1.747212483443894e-6	-6.660259030399907e-7
0.61	0.20931451691399033	-0.014394382846649345	2.340193218791642e-6	-8.409677297871454e-7
0.62	0.20749802371209347	-0.014185377634692908	3.1175675169470285e-6	-1.053425362329552e-6
0.63	0.20567703020309236	-0.014049345932685309	4.13153510200881e-6	-1.3088421355611501e-6
0.64	0.20385354085512059	-0.013986557952309409	5.447639135874871e-6	-1.6125802766442376e-6
0.65	0.20202964377604077	-0.013997285422265526	7.147812526225872e-6	-1.96951705305759e-6
0.66	0.20020743579924824	-0.014081732127363356	9.334036593505735e-6	-2.3834612696282953e-6
0.67	0.19838905530630346	-0.014240068617302815	0.000012132717573054563	-2.856344465451688e-6
0.68	0.19657662487156263	-0.01447234830744315	0.000015699897771143112	-3.3871137395391493e-6
0.69	0.1947723388837972	-0.014778622466425306	0.00002022744720261982	-3.970264446651051e-6
0.7	0.19297840841699873	-0.015158863513368592	0.000025950381797951172	-4.593895473414822e-6
0.71	0.19119708078495895	-0.015613003905819767	0.00003315548752530484	-5.237192220730602e-6
0.72	0.1894306026120345	-0.01614083710543185	0.000042191445117439885	-5.8671706994473105e-6
0.73	0.18768128859092637	-0.01674215516751887	0.00005348068232141623	-6.434566381052775e-6
0.74	0.18595147614500013	-0.017416679638991073	0.0000675331890411246	-6.86861473059297e-6
0.75	0.18424352533158606	-0.01816398092533772	0.00008496256903886557	-7.0704949423072705e-6
0.76	0.18255980609539507	-0.01898364346553727	0.00010650462894523649	-6.9052410705539025e-6
0.77	0.18090290441572282	-0.019875069418124114	0.00013303890534782647	-6.191652956177851e-6
0.78	0.17927513437312453	-0.02083766206614518	0.00016561320945651659	-4.689957951387047e-6
0.79	0.17767922540204545	-0.021870647953706412	0.00020547218273120338	-2.0867102200061716e-6
0.8	0.17611760180174396	-0.02297321048677964	0.00025408936681975414	2.0235926861955633e-6
0.81	0.1745931159726417	-0.024144383050669627	0.0003132044472801965	8.160696524928124e-6
0.82	0.17310832250059158	-0.025383087828583395	0.0003848646691319846	0.000016985445696726664
0.83	0.17166623828009694	-0.026688144438322736	0.0004714727957267628	0.000029331759047901418
0.84	0.17026962587265726	-0.028058193132131537	0.0005758398973965406	0.00004624516150580904
0.85	0.1689215638328071	-0.029491728809956652	0.0007012459882699829	0.00006902832777344603
0.86	0.16762516147142797	-0.03098704397881913	0.0008515069895043692	0.00009929530664176678
0.87	0.1663837730165455	-0.032542343715087296	0.001031050193015276	0.00013903499547424092
0.88	0.16520079960605105	-0.034155524958142114	0.001244997448296703	0.0001906868882258772
0.89	0.16407987573681332	-0.03582433154412762	0.0014992580896342755	0.0002572285935521501
0.9	0.16302472682042163	-0.037546064149611647	0.001800630681079829	0.0003422800016714689
0.91	0.16203947819884726	-0.039317984703929165	0.0021569165030463633	0.00045022127168559134
0.92	0.16112840290767633	-0.04113685291464375	0.002577041794815993	0.000586334128033994
0.93	0.16029607828194892	-0.042999105914848956	0.003071192519992494	0.0007569619885318124
0.94	0.15954735991343286	-0.04490075991104797	0.003650959642371804	0.0009696961124009973
0.95	0.1588875081707356	-0.04683733198117157	0.004329497748565447	0.0012335900643484776