0.	-0.339116307727109	0.44074420960713667	0.	0.
0.01	-0.3496126957755968	0.43273084276637375	-1.300626273348371e-13	-6.183942247162122e-14
0.02	-0.35970895835230043	0.4245589419155621	2.2898349882893854e-13	2.6739721548096895e-13
0.03	-0.36944003192475566	0.41623554352141867	-1.1407541578023483e-13	5.3734794391857577e-14
0.04	-0.37883990511430676	0.40775941308192404	2.8071989177647083e-13	1.3940515408705778e-12
0.05	-0.38787689670924763	0.39914686188178095	1.2472800570151321e-12	6.365463711688335e-13
0.06	-0.3965643398466946	0.39043492925451373	2.2026824808563106e-12	1.9029222642075183e-13
0.07	-0.4048864867746512	0.3816137456225638	1.4117040869621178e-12	1.9095836023552692e-13
0.08	-0.41284582621861865	0.3727039731674866	1.7014167852380524e-13	3.869238263121133e-12
0.09	-0.42046000245801823	0.3637457756653608	2.0267121314532233e-12	-4.763966998666547e-13
0.1	-0.4277069033594386	0.3547307081481996	1.1088907569956064e-12	1.880717803715015e-12
0.11	-0.4345807863567439	0.345698624670582	4.1716075038777944e-12	5.657252444279948e-12
0.12	-0.4411492938281496	0.33661146170992273	1.7175372235556097e-11	1.3659740005778076e-11
0.13	-0.4473342660153586	0.327546334216944	4.3634929003388834e-11	3.2971625429922824e-11
0.14	-0.45314084831307766	0.31849135664731865	1.1512601982843762e-10	1.0473455436255108e-10
0.15	-0.45861265709030635	0.30945817236347856	2.4934648790164715e-10	2.7486030118595295e-10
0.16	-0.4637456564929042	0.3004678483266685	5.240540779105629e-10	6.845835009983148e-10
0.17	-0.46852876505991176	0.2915310172056313	1.0189823984596558e-9	1.5933505070897525e-9
0.18	-0.4729762428293441	0.282655607492787	1.8254839306841575e-9	3.4664212611446032e-9
0.19	-0.4770920460501475	0.27385788799031535	3.05220437812892e-9	7.152770431506639e-9
0.2	-0.480871802939104	0.26514491009991437	4.7271241365720584e-9	1.4067926601413205e-8
0.21	-0.4843316794406585	0.25653990558792283	6.6902676176816556e-9	2.647414326650832e-8
0.22	-0.48747366803416387	0.24804091710365433	8.342303348118918e-9	4.790329793946668e-8
0.23	-0.49030691293447365	0.2396750026991754	8.338295331977719e-9	8.363759762541889e-8
0.24	-0.49282976695050507	0.23144163272346294	3.9991669975592e-9	1.4132609241213068e-7
0.25	-0.49506053064758415	0.2233533342263145	-9.47151190811013e-9	2.3178084765373974e-7
0.26	-0.496987156515438	0.2154131374821471	-4.014168492050274e-8	3.6980671810904475e-7
0.27	-0.49863500482618517	0.20764156624572896	-1.0083597323795601e-7	5.752002807390966e-7
0.28	-0.5000131439649271	0.20004056349910407	-2.1122162341402628e-7	8.738131526964121e-7
0.29	-0.5011106955492113	0.1926211488423802	-4.003843134814389e-7	1.2986565643413606e-6
0.3	-0.5019536405999684	0.1853846394751207	-7.101079706473001e-7	1.890918744779091e-6
0.31	-0.5025360954066236	0.17835067586971134	-1.1989484997032562e-6	2.7009892681062464e-6
0.32	-0.502868580826207	0.17151310529387154	-1.947117508338536e-6	3.7891962435254722e-6
0.33	-0.5029710081005548	0.16488757703327722	-3.0623143325581026e-6	5.226302200705968e-6
0.34	-0.5028419506180775	0.15847658176914498	-4.686515938767677e-6	7.093570145416672e-6
0.35	-0.502494260071177	0.15228687200374946	-7.003870319599592e-6	9.482318061609929e-6
0.36	-0.5019275220024213	0.14631691793042736	-0.000010249584984856064	0.00001249276828133028
0.37	-0.5011585807064214	0.1405817574464463	-0.000014719985173883288	0.00001623211066881236
0.38	-0.5001987422199368	0.13507910733503717	-0.00002078356858281616	0.000020811619052568675
0.39	-0.49904704338285744	0.12982244918909738	-0.000028893273630647975	0.00002634270539619843
0.4	-0.49771426312594774	0.12480248800109899	-0.00003959953521792681	0.00003293173534123228
0.41	-0.4962121302379395	0.12002427457035894	-0.00005356451214549862	0.00004067357584722209
0.42	-0.4945481859568103	0.11550125427239206	-0.0000715771314610536	0.000049643537636104296
0.43	-0.49272775164532495	0.11122416049400051	-0.00009456876815600035	0.000059888286261661206
0.44	-0.4907547682297573	0.10720268700078421	-0.00012362979476471248	0.00007141461175499964
0.45	-0.48864666978018434	0.10343719621119704	-0.00016002627603389774	0.00008417686279013625
0.46	-0.48640737321599486	0.0999264047263833	-0.00020521756138819347	0.00009806305924629777
0.47	-0.48404000037282197	0.09667103839914332	-0.0002608733988537226	0.00011287909855731137
0.48	-0.48155045166014954	0.09367973169055394	-0.00032889220573339983	0.0001283314046360562
0.49	-0.47894913033942715	0.09094547072555745	-0.00041141769924407656	0.0001440085543134434
0.5	-0.47623803117234637	0.08847602069060326	-0.0005108564816571626	0.00015936154613183096
0.51	-0.47342184754783473	0.08626766817133337	-0.0006298948276348137	0.0001736824913983609
0.52	-0.4705068716937985	0.08432247142859717	-0.0007715145052486494	0.0001860831470893165
0.53	-0.4674940909818355	0.08264260511728094	-0.000939008039194611	0.00019547263465949372
0.54	-0.4643875213773004	0.08123081193547538	-0.0011359942042692417	0.0002005341663392779
0.55	-0.4611878163513402	0.08008989987715667	-0.0013664307729271963	0.00019970116044995545
0.56	-0.4578957727904338	0.0792188150673224	-0.0016346243801218518	0.00019113830999012427
0.57	-0.45451242953448084	0.07862429075370417	-0.001945246901486064	0.00017271538138655118
0.58	-0.45103399158873864	0.07830615374455313	-0.002303337020457763	0.00014199169006000323
0.59	-0.4474602777417207	0.07827602231699321	-0.0027143238426465266	0.00009618834479814542
0.6	-0.44378365012449483	0.07853493711399132	-0.0031840083489471094	0.00003218570322333081
0.61	-0.440001459942961	0.07909094472620692	-0.0037185900279946282	-0.00005350555269718893
0.62	-0.43610703958687275	0.07996058067294448	-0.004324669973052142	-0.00016475003792680576
0.63	-0.43208888159828435	0.081144294907117	-0.005009231655809465	-0.0003057818664252837
0.64	-0.42793975313037097	0.08266200652465186	-0.005779659793785918	-0.00048123856243083296
0.65	-0.42363895642515903	0.08452681990649426	-0.006643739030251727	-0.000696104437877057
0.66	-0.41918748074530504	0.08675494208530954	-0.007609630388475508	-0.0009557872048101684
0.67	-0.4145601652977048	0.08938159345575847	-0.008685900995702267	-0.0012659836353062226
0.68	-0.4097247772748344	0.09241481485794575	-0.009881458973644175	-0.0016327583748021596
0.69	-0.40468958435879926	0.09589295732733469	-0.011205637977488137	-0.002062494282749197
0.7	-0.3993977597653353	0.09984862437910172	-0.012668066262255362	-0.002561775969486063
0.71	-0.3938470914696561	0.10431761838397406	-0.014278743500972468	-0.003137431760050713
0.72	-0.38800443785634636	0.10935203928570313	-0.016048021581868244	-0.003796406236428976
0.73	-0.38182782146045796	0.11498959819243837	-0.017986532611809602	-0.004545677428139036
0.74	-0.3752795280264983	0.12129849380495059	-0.02010520433326851	-0.005392261989161762
0.75	-0.36833675659473925	0.1283531807266189	-0.02241533339018731	-0.006342888454539758