0.	0.09052879857781093	-0.9179008965100337	0.	0.
0.01	0.04977932317216016	-0.9233977792774972	6.574296662620327e-12	-8.139267038131948e-12
0.02	0.008486836180328083	-0.927373715992541	-2.0550672275021498e-11	1.021405182655144e-11
0.03	-0.033281796483594306	-0.929789364437358	-3.11857206725108e-11	-8.104805715447583e-11
0.04	-0.0754571742250496	-0.9306081215709252	2.6544100251157943e-11	6.4641625385775114e-12
0.05	-0.11796710127425403	-0.9297945972511954	-5.210676334854725e-11	-1.595168441781425e-11
0.06	-0.16073845631129213	-0.9273192307813929	-5.367439825931797e-11	-9.92823601109194e-11
0.07	-0.20369335963672253	-0.9231512579736787	5.991029894403255e-11	5.2601478728320217e-11
0.08	-0.2467525017806489	-0.9172658437382193	-5.2589044230444415e-11	-1.7193890755606844e-10
0.09	-0.2898339540940391	-0.909641613703414	1.0036504960453385e-10	-9.520029209397762e-11
0.1	-0.3328535805584316	-0.9002582849852416	-3.377476076593666e-11	-2.4773072482275893e-11
0.11	-0.37572494287506597	-0.8891016160818204	-9.415135338031178e-11	-5.552891479965183e-11
0.12	-0.4183603092761521	-0.876159407799058	-1.6256329615771392e-11	1.6633805444143945e-11
0.13	-0.46066640150392857	-0.8614265672891062	-9.521095023501402e-11	-1.1327649929171457e-10
0.14	-0.5025549849334547	-0.8448979147495486	-2.390976305832737e-11	-1.5474022063699522e-10
0.15	-0.5439298574298972	-0.8265739493457129	-5.484412923806303e-11	1.4939161019356106e-10
0.16	-0.5846963661370079	-0.8064605246410395	-1.4487966382148443e-11	-5.710099060252105e-11
0.17	-0.6247570210988442	-0.7845656137443076	4.646860674029085e-11	-3.696012385034919e-10
0.18	-0.6640141696820709	-0.760903498198342	-2.3781865365890553e-10	-1.241708957877563e-10
0.19	-0.7023687491663129	-0.7354923503034367	-3.3094416096446366e-11	-2.5980995133068063e-10
0.2	-0.7397208217213862	-0.7083549588648559	4.369837824924616e-13	-1.4284573524037114e-10
0.21	-0.7759698199437493	-0.6795178775921809	8.262457384944355e-11	-1.34798838757888e-10
0.22	-0.8110139129571516	-0.6490163068062067	9.36015709385174e-11	2.930811149326473e-11
0.23	-0.8447528894878324	-0.6168842876643694	3.560103323252406e-10	-6.674483188362501e-11
0.24	-0.8770849393489648	-0.5831648855128506	4.0247893906553145e-10	1.7608670077606803e-10
0.25	-0.9079082581453828	-0.5479052708559102	1.0482943402223555e-9	1.8201262719230726e-10
0.26	-0.9371211480808808	-0.5111568719978283	1.6365109267724165e-9	7.950848868176763e-10
0.27	-0.9646234528243225	-0.47297687428246604	3.2031808316901333e-9	1.6300454319662094e-9
0.28	-0.9903152896737213	-0.43342721916807037	5.960865578913399e-9	2.6412561027200354e-9
0.29	-1.0140977641455882	-0.39257485787986823	1.1714758940684078e-8	5.101856714873065e-9
0.3	-1.035872763700464	-0.3504911429561446	2.1429989338628275e-8	8.673319840113436e-9
0.31	-1.0555452711536368	-0.30725515899652933	3.80845373015859e-8	1.543546623850034e-8
0.32	-1.0730199818773487	-0.2629463212003973	6.605809144133445e-8	2.5782581403177574e-8
0.33	-1.0882051186872177	-0.21765227001101906	1.1269966471161297e-7	4.290768451653548e-8
0.34	-1.101009853569379	-0.17146446469740972	1.90396046484409e-7	7.02484026504635e-8
0.35	-1.1113467725282566	-0.12447948487363192	3.15352182589379e-7	1.1431542645823356e-7
0.36	-1.1191314020640029	-0.07679796919365955	5.146354080665105e-7	1.8411633817549955e-7
0.37	-1.1242822554447578	-0.028525192012939904	8.285993065015873e-7	2.9308577254028023e-7
0.38	-1.1267213438251398	0.020229297168238958	1.3165515326818422e-6	4.6294759492582216e-7
0.39	-1.1263744892627443	0.06935185554139611	2.0664143365323184e-6	7.257640577407187e-7
0.4	-1.123171122519345	0.11872503393241729	3.2043334252662703e-6	1.1307636338386828e-6
0.41	-1.1170468944051537	0.16822759203702375	4.913413128804223e-6	1.750992419502495e-6
0.42	-1.1079410706892663	0.21773493367564623	7.454569298737113e-6	2.696639003652024e-6
0.43	-1.0957975027739213	0.2671203060042098	0.000011194687228766043	4.1317563361786824e-6
0.44	-1.0805665894228573	0.31625288092919135	0.000016650862580291914	6.299491979611105e-6
0.45	-1.0622050416916702	0.36500053374632957	0.000024537714207184536	9.557754113931338e-6
0.46	-1.040675842859649	0.413229166644026	0.00003584092905661862	0.00001443399078260299
0.47	-1.01594936590417	0.46080318667206477	0.00005190431878432378	0.000021696973814488985
0.48	-0.9880034283351344	0.5075864732158224	0.0000745527486323283	0.000032465341675003145
0.49	-0.9568242831208265	0.553442684741045	0.00010623642697282776	0.00004835745890097165
0.5	-0.922407277397248	0.5982360083300717	0.00015022430623101712	0.00007169807014029139
0.51	-0.8847576989455801	0.6418318908507004	0.0002108393055957336	0.00010581854039626304
0.52	-0.8438917323993209	0.6840975870824775	0.00029375376395002206	0.00015546181380110546
0.53	-0.7998379629202583	0.7249041799153894	0.0004063521550516924	0.0002273406782843379
0.54	-0.7526383188687333	0.7641250155114513	0.0005581480439849074	0.00033092764333286784
0.55	-0.7023503881292523	0.8016391697063845	0.0007613057468587314	0.0004794953386524359
0.56	-0.6490490697701352	0.8373305409360021	0.0010311983700774796	0.0006915792660830977
0.57	-0.5928300929150412	0.8710895798520533	0.00138705385434168	0.000992917200591803
0.58	-0.533813012281934	0.9028132811519216	0.001852602628269917	0.001419086407286052
0.59	-0.4721457465972292	0.9324054254340277	0.0024567177649506	0.0020190348545430226
0.6	-0.4080102467385185	0.9597758673207326	0.003233912185194754	0.0028597900078937144
0.61	-0.3416292071022813	0.9848398003889365	0.004224535652385342	0.004032722887948648
0.62	-0.273275145884909	1.007513602491879	0.005474463659102646	0.005661802765213775
0.63	-0.20328186371519452	1.0277097638171009	0.007033831719466033	0.007914475313321567
0.64	-0.13205713607956815	1.0453285610235978	0.00895429387935387	0.011015858652011268
0.65	-0.06010017969601367	1.060243654303041	0.011283973067883313	0.015267218674607896
0.66	0.011978200063735178	1.0722813382820906	0.014058871457795608	0.02106981019386378
0.67	0.08343190754321839	1.0811871785236757	0.01728902180129044	0.028955501706778186
0.68	0.1533475211737123	1.0865785606596399	0.020936937589476567	0.03962573664666813
0.69	0.22063489925085955	1.0878879449856145	0.02488497349543195	0.05400070294419379
0.7	0.28395301368875403	1.0842358427231673	0.028886539145192902	0.07328092029307243
0.71	0.3417360075112561	1.0743240336269153	0.032495048561806295	0.0990229970509251
0.72	0.3921347273328619	1.0562000640785811	0.03496073378764741	0.1332320685389643
0.73	0.4330598358371871	1.0269963492668275	0.03508391696744262	0.17847177816255844
0.74	0.46222760800680307	0.9825078413371493	0.03100723219464152	0.23799229444454717
0.75	0.477322965374293	0.9166335177815998	0.01992558726991467	0.31587348050283914
0.76	0.4763140258164178	0.8205829966277189	-0.00231477920821499	0.4171766972514188
0.77	0.4580365481895372	0.6817817018059156	-0.04176428911291641	0.5480901716381208
0.78	0.42322361538512165	0.4823632923557728	-0.10710857393725348	0.7160416422383555
0.79	0.37626736621955725	0.19710961397465354	-0.21064760429684837	0.9297319989730415
0.8	0.3281669731195578	-0.2093335004456467	-0.3695658193707385	1.1990148020935631
0.81	0.3014023538676547	-0.7861694398183481	-0.6075291251471882	1.5345034043202013
0.82	0.3379247999044521	-1.6013151710061102	-0.9565991879684459	1.946725100217158
0.83	0.5121851051381947	-2.7475929605755383	-1.4593415246931492	2.444563590417168
0.84	0.9523577001533612	-4.350277305881978	-2.1707629318790804	3.032632372672449
0.85	1.8749162696522563	-6.57559686903943	-3.159200490378382	3.7071547479840348
0.86	3.641162937240466	-9.638815769640892	-4.504265156283289	4.449966795532461
0.87	6.850181623830238	-13.808400142064002	-6.28789968324069	5.220706560677684
0.88	12.4930410914663	-19.398327463925405	-8.57054117775603	5.948785558128172
0.89	22.211798229261746	-26.731323905125812	-11.336232182130821	6.531186045148985
0.9	38.742129392653595	-36.03657978252759	-14.373978601955258	6.854085678071392
0.91	66.68843449020699	-47.20511508692648	-17.028388440589808	6.887940400182245
0.92	113.92878081475686	-59.23921118815906	-17.67955401441293	6.9901374350492915
0.93	194.2935276139824	-69.0393814061782	-12.65055274120823	8.782445949004256
0.94	333.06591238380486	-68.71604558525934	6.136882194002055	17.650005618055417
0.95	579.5833310967156	-39.42372480716901	56.38727717490576	50.06200366142278