0.	-0.1455122263726807	0.470586552260464	0.	0.
0.01	-0.14541997344265134	0.4705507862502749	0.	0.
0.02	-0.14514332199677504	0.47044273823335914	0.	0.
0.03	-0.14468220854122116	0.47026257373128644	0.	0.
0.04	-0.1440365930078933	0.4700101188651189	0.	0.
0.05	-0.14320641051522287	0.4696851695983142	0.	0.
0.06	-0.14219158278091726	0.4692874434036085	0.	0.
0.07	-0.14099201353578472	0.4688165998147511	0.	0.
0.08	-0.13960759869361006	0.4682722470486347	0.	0.
0.09	-0.13803820383437326	0.46765389939962176	0.	0.
0.1	-0.1362836771392324	0.46696103765102137	0.	0.
0.11	-0.13434386181999258	0.4661930526703095	0.	0.
0.12	-0.1322185787689687	0.465349272028142	-1.7763568394002505e-15	0.
0.13	-0.1299084733044964	0.4644273882268024	7.105427357601002e-15	0.
0.14	-0.12741166885656519	0.4634297349551417	1.7763568394002505e-15	0.
0.15	-0.12472875544590067	0.46235385208698787	3.552713678800501e-15	-3.552713678800501e-15
0.16	-0.12185949416671882	0.46119878232072864	1.4210854715202004e-14	-7.105427357601002e-15
0.17	-0.1188036169097284	0.45996348671014786	2.1316282072803006e-14	-1.0658141036401503e-14
0.18	-0.11556085576182973	0.4586468324795199	5.684341886080802e-14	-2.842170943040401e-14
0.19	-0.11213091291552146	0.45724762809172503	1.5987211554602254e-13	-8.526512829121202e-14
0.2	-0.10851348386869653	0.45576457735660014	4.263256414560601e-13	-2.3447910280083306e-13
0.21	-0.1047082475695511	0.4541962938099573	1.0320633236915455e-12	-5.435651928564766e-13
0.22	-0.10071486125262297	0.4525413082858698	2.426503442620742e-12	-1.2825296380469808e-12
0.23	-0.09653298984395065	0.4507980457998606	5.496048061104375e-12	-2.8670399387920042e-12
0.24	-0.09216225206797546	0.4489648232965813	1.2038370300615497e-11	-6.231459792616079e-12
0.25	-0.08760227656470931	0.4470398682623582	2.5559998562130204e-11	-1.3130829756846651e-11
0.26	-0.08285267407547892	0.4450212676937042	5.278089076909964e-11	-2.686917355276819e-11
0.27	-0.07791304739848393	0.44290702957983896	1.0618528278882877e-10	-5.3589133131026756e-11
0.28	-0.07278229683846682	0.4406949246238554	2.08560280157144e-10	-1.042899100411887e-10
0.29	-0.06746133080868866	0.4383828431533594	4.005595855005595e-10	-1.9844392795675958e-10
0.3	-0.06194843679682194	0.4359702913123229	7.534772805684042e-10	-3.6975578154851974e-10
0.31	-0.05624431983976663	0.4334508013541054	1.3900915973863448e-9	-6.756231130111701e-10
0.32	-0.050347977847973624	0.43082364260631323	2.5184618834828143e-9	-1.2121752490656945e-9
0.33	-0.044258934985951015	0.42808595553381323	4.485832150180613e-9	-2.1379733539106383e-9
0.34	-0.03797671063674635	0.42523470812601616	7.86354092952024e-9	-3.7107881212250504e-9
0.35	-0.03150082192182424	0.4222667338044168	1.3579290580878478e-8	-6.344201608499134e-9
0.36	-0.024830768521738378	0.4191786223368936	2.312049929287241e-8	-1.0693447904941422e-8
0.37	-0.017966052800902688	0.41596679268727144	3.884421140298855e-8	-1.77844334814381e-8
0.38	-0.01090552657078625	0.41262717799002147	6.444428990448614e-8	-2.9205633467199732e-8
0.39	-0.003649926594283315	0.4091562864016183	1.0564928842882182e-7	-4.7391086610559796e-8
0.4	0.00380189998650593	0.4055495977505714	1.7125592499667164e-7	-7.603349772011825e-8
0.41	0.011450477265771752	0.40180261392128	2.746466858383201e-7	-1.2068306176615806e-7
0.42	0.0192963479466588	0.39791053385571473	4.3600108234898016e-7	-1.8960814429647144e-7
0.43	0.027338556632976463	0.39386701881439024	6.854943563894267e-7	-2.9502383824819844e-7
0.44	0.03558052044085436	0.38966924611210274	1.067889726868998e-6	-4.5483036359428297e-7
0.45	0.044021417388535156	0.3853102033875153	1.649094803823914e-6	-6.950636759484041e-7
0.46	0.05266182724905022	0.3807838199214615	2.5254543434272136e-6	-1.0533185204053552e-6
0.47	0.061502334864165675	0.37608362928889605	3.836851492522442e-6	-1.5835075934944598e-6
0.48	0.07054417800919666	0.37120244682887815	5.785071991226687e-6	-2.36243499784905e-6
0.49	0.07978804399236061	0.3661353131986935	8.659403556876555e-6	-3.4988367261235e-6
0.5	0.08923273491657113	0.36087055209711494	0.000012872186204049285	-5.145731190481229e-6
0.51	0.09888017214489508	0.35540162756047167	0.000019007832881001718	-7.517199296813715e-6
0.52	0.1087311323498188	0.3497195941247284	0.00002789028392413684	-0.000010911107786171215
0.53	0.11878654044894077	0.34381491320510094	0.000040675304337156604	-0.000015739687651006307
0.54	0.1290479748264879	0.3376767520137278	0.00005897633793949808	-0.000022570502117957858
0.55	0.1395156436882008	0.3312950976032667	0.00008503538882109751	-0.00003218112487601843
0.56	0.15018960277664384	0.3246567976890695	0.00012195440735673913	-0.00004563174263694236
0.57	0.1610756702413365	0.3177504803756186	0.00017400717040771951	-0.00006436079561566999
0.58	0.17217450554337965	0.31056123689191395	0.0002470589111993604	-0.00009031153952321347
0.59	0.18348991662434067	0.30307313513022294	0.00034912864530589616	-0.0001260969833296599
0.6	0.19502712578455572	0.29527152448387994	0.0004911405891796505	-0.00017521558702071616
0.61	0.20678850406508076	0.28713431021806457	0.0006879275145443842	-0.00024233147243535313
0.62	0.21878349808227426	0.27864191403121197	0.0009595627215972513	-0.0003336346587978767
0.63	0.23102265462394556	0.26976989437882537	0.0013331302846566473	-0.000457306191488982
0.64	0.24351663571133386	0.2604925813443657	0.0018450669553402577	-0.0006241128486372816
0.65	0.25628863884371356	0.2507788051528692	0.002544260314607527	-0.0008481579410144491
0.66	0.26936188947705375	0.2405915901411504	0.003496134128265993	-0.001147839084943314
0.67	0.2827713684755935	0.22989066822155735	0.004788027058623356	-0.0015470420884788894
0.68	0.29655774385963696	0.21862339617385018	0.006536276505229921	-0.002076637288332961
0.69	0.31078383048065206	0.20672963775777475	0.008895508681590059	-0.002776307062951844
0.7	0.3255278680006839	0.19413856481680725	0.01207082873938603	-0.003696803769376089
0.71	0.3409035751095715	0.18075924881566152	0.016333812314631047	-0.004902636173586217
0.72	0.35705755949310003	0.166481195806508	0.022043411126286827	-0.006475291206449185
0.73	0.3741790063517776	0.15116878469470763	0.02967329279428199	-0.008517010258330515
0.74	0.3925292802963867	0.13465163593641094	0.03984759987001851	-0.011154941614467617
0.75	0.4124615745088711	0.11671673118164705	0.053387633637260734	-0.014545711809265782
0.76	0.43444235444520274	0.0970948666336291	0.07137277061071501	-0.01888009082496822
0.77	0.45908675382019837	0.07545221649609246	0.09521980811538455	-0.024387289835836157
0.78	0.4872232850482021	0.05136653681853787	0.1267865871095033	-0.03133759122873414
0.79	0.5199605213435241	0.02430514298237796	0.16850693556859753	-0.0400422458526144
0.8	0.558769605825681	-0.006394827841699424	0.22356594657637174	-0.0508480518725527
0.81	0.605599934611945	-0.041556844983880126	0.2961282546956525	-0.06412273142464286
0.82	0.6630685779614289	-0.0822089616210846	0.39163491003412076	-0.08022414454017834
0.83	0.7346339463448857	-0.12960262552715562	0.5171872390456898	-0.0994463854249723
0.84	0.8249203748133169	-0.1852696551863353	0.6820459376690522	-0.121925155154468
0.85	0.9400550895675437	-0.25102736577239426	0.8982728810721099	-0.14748546851147282
0.86	1.088203211641762	-0.329018440981681	1.1815611894769376	-0.17539530104364687
0.87	1.280195275010918	-0.42167202987397445	1.552294615352828	-0.2039837274129681
0.88	1.53040833155314	-0.5316179331113364	2.036899791448569	-0.23004931692875452
0.89	1.8579013841445828	-0.6615273068239951	2.6695564477066114	-0.24796394895885498
0.9	2.28787638255708	-0.8137179171514113	3.494326787174778	-0.24832687777940876
0.91	2.8535836874375704	-0.9895219394861883	4.567777412330294	-0.21596518815986698
0.92	3.5987236912677574	-1.1882093288982425	5.962137095823053	-0.12700949998701105
0.93	4.580440581895267	-1.4052244798811522	7.768963630789351	0.05533999667633793
0.94	5.872969073218414	-1.6294723015118855	10.103242942681462	0.38682903223370246
0.95	7.57189856721061	-1.8391756825134848	13.107627720085496	0.950551494264964