0.	-0.26504038655341144	0.15011071917153984	0.	0.
0.01	-0.26307391631815746	0.15153139453699893	-1.3322676295501878e-15	-3.552713678800501e-15
0.02	-0.2609747470213457	0.1529371047508583	-4.884981308350689e-15	7.105427357601002e-15
0.03	-0.25874255113266553	0.15432547624716264	-7.993605777301127e-15	-3.552713678800501e-15
0.04	-0.25637695084445467	0.155693919503328	-4.440892098500626e-16	0.
0.05	-0.25387759091257633	0.15703981620394813	-4.440892098500626e-15	3.552713678800501e-15
0.06	-0.2512441421495799	0.1583605097479861	1.7763568394002505e-15	3.552713678800501e-15
0.07	-0.24847630486092598	0.15965331800930826	-8.881784197001252e-15	-7.105427357601002e-15
0.08	-0.24557380371485582	0.16091550574875413	3.552713678800501e-15	-7.105427357601002e-15
0.09	-0.24253639813148364	0.16214432320008854	-1.7763568394002505e-15	-3.552713678800501e-15
0.1	-0.23936387840615492	0.1633369699331766	1.7763568394002505e-15	2.842170943040401e-14
0.11	-0.23605606750245922	0.16449060881195976	4.440892098500626e-15	-7.105427357601002e-15
0.12	-0.23261282814858308	0.16560237211608353	6.217248937900877e-15	-1.0658141036401503e-14
0.13	-0.22903406145220995	0.16666935240092684	-1.0658141036401503e-14	1.4210854715202004e-14
0.14	-0.22531970608091179	0.1676885918692399	4.440892098500626e-15	-7.105427357601002e-15
0.15	-0.22146974935250974	0.16865711174687803	-1.7763568394002505e-15	1.4210854715202004e-14
0.16	-0.21748422184138327	0.169571886250516	4.263256414560601e-14	3.552713678800501e-15
0.17	-0.21336320269773257	0.1704298406227558	7.638334409421077e-14	4.618527782440651e-14
0.18	-0.20910682466782493	0.1712278723970293	2.4424906541753444e-13	1.3500311979441904e-13
0.19	-0.20471527453968896	0.17196283079591623	6.652456363553938e-13	3.410605131648481e-13
0.2	-0.2001887967599778	0.17263152744616406	1.730171561575844e-12	9.166001291305292e-13
0.21	-0.19552770012207787	0.17323073715945014	4.263256414560601e-12	2.305711177541525e-12
0.22	-0.19073235445962133	0.17375718212559477	9.880096740744193e-12	5.5351279115711804e-12
0.23	-0.18580320163192887	0.1742075507453471	2.2154722500999924e-11	1.2843059948863811e-11
0.24	-0.18074075588641492	0.1745784870314857	4.793676566805516e-11	2.8773428084605257e-11
0.25	-0.175545609075197	0.17486659698571572	1.0022382923580153e-10	6.243539019124e-11
0.26	-0.1702184358990948	0.17506844158931756	2.0323120963894326e-10	1.3166356893634656e-10
0.27	-0.16475999742479175	0.1751805400297748	4.0042813509444386e-10	2.6993873802894086e-10
0.28	-0.15917114756290118	0.17519936948952264	7.681677516302443e-10	5.395719426815049e-10
0.29	-0.15345283890670025	0.17512137454075116	1.4370282741538176e-9	1.053066966960614e-9
0.3	-0.1476061267255524	0.17494294958056145	2.6251107954067265e-9	2.0095747288451093e-9
0.31	-0.141632178246768	0.17466045257890883	4.68899408190282e-9	3.75429820564932e-9
0.32	-0.13553227653948596	0.17427020785628855	8.198966838790511e-9	6.874042668414404e-9
0.33	-0.12930783092506637	0.17376849324006116	1.4048699981117352e-8	1.2347943112445137e-8
0.34	-0.12296038132903142	0.1731515617598376	2.3610928323591907e-8	2.178112623596462e-8
0.35	-0.11649160902812739	0.17241562616175088	3.895406130993706e-8	3.7759360083100546e-8
0.36	-0.10990334459019557	0.1715568611013829	6.313715239514295e-8	6.438091304517002e-8
0.37	-0.1031975778096097	0.1705714192301322	1.0060267463529726e-7	1.0803919181512356e-7
0.38	-0.09637646720071658	0.16945542533166247	1.5768808481197993e-7	1.7855677469924558e-7
0.39	-0.0894423523767287	0.1682049673802375	2.432790893180936e-7	2.908052856298582e-7
0.4	-0.08239776295934576	0.16681612216959252	3.69622153328919e-7	4.6698525935084945e-7
0.41	-0.07524543395794225	0.16528494557297435	5.533151554715232e-7	7.397917798357412e-7
0.42	-0.06798831871615896	0.16360747602229964	8.164830198609252e-7	1.1567531181810864e-6
0.43	-0.060629599540586554	0.16177974898836922	1.1881378547684562e-6	1.7861031729182741e-6
0.44	-0.05317270857479173	0.15979779193590815	1.7057062944303425e-6	2.724641568363495e-6
0.45	-0.04562133956230241	0.15765762954315576	2.416687001627338e-6	4.108138252689741e-6
0.46	-0.03797946661793716	0.15535530380333995	3.380376270456509e-6	6.124969473830788e-6
0.47	-0.030251362438566076	0.15288687739001716	4.669568047788175e-6	9.033825136839368e-6
0.48	-0.02244161735269934	0.15024842523932236	6.372094910389592e-6	0.000013186505974260854
0.49	-0.014555056569268032	0.14743581453380017	8.592033907461882e-6	0.00001905704531424135
0.5	-0.006597174946687545	0.14444571834212994	0.000011450344262087242	0.00002727864692886328
0.51	0.001426470332917873	0.14127411704742698	0.000015084639725770899	0.00003869023107228031
0.52	0.009509771023742175	0.13791770786562196	0.000019647725732596655	0.00005439474481860884
0.53	0.0176463403694882	0.13437212411818678	0.00002530443900994328	0.00007583180790149413
0.54	0.025829197596118902	0.1306342486608436	0.000032226221369668906	0.00010486780189467027
0.55	0.03405095638466982	0.12670071229068114	0.000040582739519123834	0.00014390705203126686
0.56	0.042303758020588944	0.12256830868641089	0.0000505297058488452	0.00019602850736788469
0.57	0.05057925803478014	0.11823399524051581	0.00006219188748524118	0.0002651531143236241
0.58	0.0588686228457771	0.11369493285118182	0.00007564007522020688	0.00035624806063339065
0.59	0.0671625396234461	0.10894850946054646	0.00009086053937856775	0.00047557519118868186
0.6	0.07545122660442516	0.10399235670783824	0.00010771519844787747	0.0006309922234706278
0.61	0.08372436730695654	0.09882425132591521	0.00012589043211619355	0.0008323169001336339
0.62	0.09197159266557975	0.09344271239922364	0.00014483168968659754	0.001091766200566724
0.63	0.10018194796781188	0.08784615417870256	0.0001636615554119203	0.0014244842745583242
0.64	0.10834442796832633	0.08203348386173204	0.0001810767142060854	0.0018491760371155408
0.65	0.11644805937618585	0.07600397239519907	0.0001952200836594642	0.002388865348070368
0.66	0.12448216271124224	0.06975693808452021	0.00020352260208866824	0.0030718004106162766
0.67	0.13243662407618295	0.06329296977282084	0.0002025083977024167	0.003932532603666772
0.68	0.14030246972857618	0.05661204977772627	0.000187555722556354	0.005013199334914731
0.69	0.14807249764593067	0.049715162239024835	0.00015260452444643136	0.006365046711412248
0.7	0.15574157416863343	0.04260195312798842	0.00008979917386398029	0.008050231748686798
0.71	0.1633083530870767	0.03527336273686643	-0.000010946414020551742	0.010143955657721193
0.72	0.17077492442463083	0.027730857589350677	-0.0001624790386127728	0.0127369791652292
0.73	0.1781545340965991	0.01996946765832064	-0.00038104825437734746	0.01593858452377006
0.74	0.1854623245875633	0.011991569320763062	-0.0006870973984351991	0.019880067471401475
0.75	0.19272911408496185	0.0037910935340299545	-0.0011062105210548623	0.02471882316757501
0.76	0.2000000465158891	-0.004638531715031036	-0.0016702808417043968	0.030643148409698284
0.77	0.2073400530466447	-0.013308958526014436	-0.0024189293159952996	0.03787785788641429
0.78	0.2148389481549451	-0.022239444944261777	-0.0034012452992726594	0.04669083931681328
0.79	0.22262038870586665	-0.0314566016129767	-0.004677910207499636	0.05740071204285968
0.8	0.23085154932015683	-0.040999489916274	-0.006323828540431009	0.07038575036937544
0.81	0.2397553255399707	-0.05092250217368388	-0.008431346350999291	0.08609422679422707
0.82	0.24962725597672275	-0.061301850128781865	-0.011114258300477076	0.10505645238304595
0.83	0.26085480574248265	-0.07224080341220684	-0.014512799347809135	0.12789868567429963
0.84	0.2739497222582976	-0.08388861314637808	-0.018799836974555006	0.15535919889693872
0.85	0.2895801207387123	-0.0964270436603556	-0.024188717662077863	0.188306900614144
0.86	0.30862157704435944	-0.11011140448847101	-0.03094307941838892	0.22776250540775322
0.87	0.33221653698402065	-0.1252764478866979	-0.039389443444761696	0.2749228977398417
0.88	0.36186910498160785	-0.1423565198938519	-0.04993312359295743	0.33118898728778134
0.89	0.3995487114547771	-0.16191882881228992	-0.06307894564654504	0.39819682610261964
0.9	0.4478629029122345	-0.18468894402916192	-0.07945780286269155	0.4778530455771559
0.91	0.5102630040405032	-0.21159110660991587	-0.09986187886723741	0.5723734554885951
0.92	0.5913705955722044	-0.24377847432639754	-0.12529064142063717	0.6843256390959098
0.93	0.6974128593892672	-0.2826582107276039	-0.1570132128026991	0.816673326626244
0.94	0.8368783160000106	-0.3298760437734245	-0.19665294424361335	0.972820800250112
0.95	1.0214986546309035	-0.38720278680844444	-0.24630564910310682	1.1566517025476912