0.	0.	0.	0.	0.
0.01	0.008018780639787716	0.004519015889131825	-6.938893903907228e-18	3.469446951953614e-18
0.02	0.016008567070199563	0.00818634137208767	0.	2.0816681711721685e-17
0.03	0.02395347692244662	0.01099245905902075	-6.938893903907228e-18	1.3877787807814457e-17
0.04	0.03183733130048122	0.01292767035728258	1.3877787807814457e-17	-2.7755575615628914e-17
0.05	0.03964365399367821	0.013982088308869545	-2.7755575615628914e-17	6.938893903907228e-18
0.06	0.047355620097369724	0.014145632338776415	-9.71445146547012e-17	3.469446951953614e-17
0.07	0.05495609033043761	0.013408035581381691	5.551115123125783e-17	-8.326672684688674e-17
0.08	0.06242754809544093	0.011758809917625332	-2.7755575615628914e-17	-1.3877787807814457e-17
0.09	0.06975209666631374	0.009187257380659508	1.3877787807814457e-16	2.7755575615628914e-17
0.1	0.07691143566074699	0.005682455726546631	0.	5.551115123125783e-17
0.11	0.08388683890219642	0.0012332480574043791	8.326672684688674e-17	2.7755575615628914e-17
0.12	0.0906591314346808	-0.00417176916782902	1.3877787807814457e-16	5.551115123125783e-17
0.13	0.0972086654867782	-0.010544258551608315	1.6653345369377348e-16	-2.7755575615628914e-17
0.14	0.10351529461849757	-0.01789615591346319	-2.7755575615628914e-17	-1.7486012637846216e-15
0.15	0.10955834695553174	-0.026239686209525437	-3.3306690738754696e-16	-5.2735593669694936e-15
0.16	0.11531659656629348	-0.03558738007088663	-1.1379786002407855e-15	-1.7319479184152442e-14
0.17	0.12076823324887026	-0.045952092858120686	-3.635980405647388e-15	-5.140332604014475e-14
0.18	0.1258908196590354	-0.05734699736318055	-1.509903313490213e-14	-1.461053500406706e-13
0.19	0.13066130096476447	-0.06978571496115582	-5.065392549852277e-14	-3.885780586188048e-13
0.2	0.13505590371255521	-0.08328217791005471	-1.5315526624704034e-13	-9.833800440617324e-13
0.21	0.13905013105408315	-0.09785076904230638	-4.3182124542795464e-13	-2.3774315849323102e-12
0.22	0.14261872721478258	-0.11350631363639474	-1.145722405837546e-12	-5.511591183449127e-12
0.23	0.14573562094505707	-0.13026411950211736	-2.87678214583309e-12	-1.2297274309958084e-11
0.24	0.14837384533282055	-0.14814003552771182	-6.88865631204294e-12	-2.6489033189136535e-11
0.25	0.15050562389097716	-0.16715038792947468	-1.5812462450526255e-11	-5.5242588281601e-11
0.26	0.15210211459186584	-0.18731217747963325	-3.493494382666995e-11	-1.118108938769069e-10
0.27	0.15313348016513495	-0.2086430222530905	-7.455905337572233e-11	-2.2012669464999135e-10
0.28	0.1535687930835717	-0.23116123427498803	-1.541752836509147e-10	-4.2235936970058674e-10
0.29	0.15337596525573782	-0.254885876259043	-3.0969854458717805e-10	-7.911932220494577e-10
0.3	0.15252167361665253	-0.27983682280075517	-6.056861956427184e-10	-1.4493166666795787e-9
0.31	0.15097127906286867	-0.30603482844480745	-1.1555877921232138e-9	-2.5998381225633693e-9
0.32	0.14868873792261106	-0.33350160271605356	-2.154579958890679e-9	-4.5729471320754556e-9
0.33	0.14563650685432905	-0.36225989283406346	-3.931901582099329e-9	-7.896374110138993e-9
0.34	0.14177543828974448	-0.3923335748289821	-7.032801008222123e-9	-1.3400138665353722e-8
0.35	0.13706466887610314	-0.42374775500082296	-1.2344818056675422e-8	-2.237024621098982e-8
0.36	0.1314614945007092	-0.45652888128233404	-2.1289464080531673e-8	-3.677108817434771e-8
0.37	0.12492123634300367	-0.4907048680457271	-3.61090518596896e-8	-5.9563402876605664e-8
0.38	0.11739709462646752	-0.5263052335867531	-6.029025090281692e-8	-9.515352594746673e-8
0.39	0.10883999473433925	-0.5633612552780674	-9.918160737143467e-8	-1.5002118769480433e-7
0.4	0.09919838016700233	-0.601906134884669	-1.6088330268004825e-7	-2.3358773226789253e-7
0.41	0.08841819779506777	-0.641975201958882	-2.5751462473522224e-7	-3.594050461686038e-7
0.42	0.07644213468817629	-0.6836061091959476	-4.070005974465829e-7	-5.467685422200219e-7
0.43	0.06321016316155803	-0.7268390774209925	-6.355642907518444e-7	-8.228863910275663e-7
0.44	0.048658776919098035	-0.7717171648942143	-9.811710111051752e-7	-1.2257722770137036e-6
0.45	0.03272083678703552	-0.8182865647941975	-1.4982436309374236e-6	-1.8080727075542313e-6
0.46	0.015325258680886078	-0.8665969385961472	-2.2640621020197926e-6	-2.6420927272674533e-6
0.47	-0.0036033266655204343	-0.9167017926200405	-3.3873762748104497e-6	-3.826348180746564e-6
0.48	-0.024144949230643142	-0.9686589015959626	-5.0199049668187e-6	-5.494050089982494e-6
0.49	-0.046384712166493536	-1.0225307871929026	-7.371571298264712e-6	-7.824019670366056e-6
0.5	-0.07041324750341493	-1.0783852524667055	-0.000010730540452197346	-0.000011054643139774
0.51	-0.09632720992484911	-1.1362959917999282	-0.00001548938835682634	-0.000015501607049550614
0.52	-0.12422982906661328	-1.1963432743369684	-0.000022179046147208226	-0.000021580309362390082
0.53	-0.15423149863744356	-1.2586147187094479	-0.000031512544200307246	-0.00002983402311351746
0.54	-0.18645043354677027	-1.3232061686425163	-0.00004444103131806543	-0.00004096910011641697
0.55	-0.22101337303287627	-1.3902226810010772	-0.00006222507863240523	-0.00005589874575884224
0.56	-0.2580563384283674	-1.4597796493836082	-0.00008652490781813071	-0.00007579717381922535
0.57	-0.2977254620508232	-1.5320040630022018	-0.00011951391780717913	-0.00010216626395864736
0.58	-0.3401778488014635	-1.60703594351276	-0.00016402074315280402	-0.00013691719642250355
0.59	-0.38558249981817827	-1.6850299545802985	-0.00022370606534938275	-0.0001824699202845892
0.6	-0.43412126819564456	-1.7661572248135835	-0.0003032815430481506	-0.00024187372250228378
0.61	-0.4859898345372118	-1.850607393162973	-0.0004087795278699957	-0.00031895258734415677
0.62	-0.5413986828705966	-1.9385909159498667	-0.0005478837326604591	-0.00041847945297091016
0.63	-0.600574038060981	-2.030341629482218	-0.0007303326918899344	-0.0005463838462058668
0.64	-0.663758732481516	-2.126119627864691	-0.0009684097982809448	-0.0007099976443556422
0.65	-0.7312129172985697	-2.226214436752631	-0.0012775358306376106	-0.0009183438362825314
0.66	-0.803214562444345	-2.33094851626127	-0.001676982380697467	-0.001182472950719049
0.67	-0.8800596127263809	-2.4406810756050974	-0.0021907273383012793	-0.0015158512044441963
0.68	-0.9620616855656889	-2.5558121892694654	-0.0028484768312635467	-0.0019348030640875535
0.69	-1.0495510852024381	-2.6767871642114116	-0.003686881706219225	-0.0024590086220079854
0.7	-1.1428729513368658	-2.8041010648088096	-0.004750981093673445	-0.0031120522576202347
0.71	-1.2423841839290155	-2.9383032696710343	-0.006095910993714426	-0.0039220131431685346
0.72	-1.3484479082874792	-3.080001594574255	-0.00778892143195975	-0.004922078673475827
0.73	-1.4614302115821296	-3.2298670536773124	-0.009911762511231714	-0.006151151007766309
0.74	-1.581685723338671	-3.388635017181514	-0.01256348976009214	-0.0076543895754617175
0.75	-1.7095480195046964	-3.557107303843555	-0.015863791323353027	-0.009483617309752113
0.76	-1.8453116060181163	-3.7361499976359434	-0.019956931205360462	-0.011697465017486586
0.77	-1.9892091225937332	-3.926687221238435	-0.02501645893794091	-0.014361079052853665
0.78	-2.1413815828703786	-4.129688383980203	-0.03125088631153439	-0.01754513454344142
0.79	-2.3018393566412385	-4.346145107165857	-0.03891061727868461	-0.021323779882468585
0.8	-2.4704158691567706	-4.577037449112524	-0.04829656915390501	-0.025771004423827293
0.81	-2.6466982754372346	-4.823275758430394	-0.059771069157768864	-0.030954634357287958
0.82	-2.8299571809392816	-5.085614692532416	-0.07377208862491713	-0.0369269504562828
0.83	-3.0190442338547854	-5.364530024159917	-0.09083221378916662	-0.04371042811049897
0.84	-3.2122765480836257	-5.660023305630595	-0.11160484009068838	-0.05127643957677641
0.85	-3.4072894537897547	-5.971358568984359	-0.1369012444224751	-0.05951422994198641
0.86	-3.6008697782767314	-6.296651257785628	-0.16774483798918993	-0.06818588788624425
0.87	-3.7887727412495593	-6.632286254092797	-0.20545269345245742	-0.0768621214882419
0.88	-3.965517933722211	-6.97203240736793	-0.2517612907829516	-0.0848311668377395
0.89	-4.124209021457197	-7.30572971358508	-0.3090256478955524	-0.09097137443024117
0.9	-4.256462667084271	-7.6172978978765205	-0.380543689603698	-0.09357631297222468
0.91	-4.3525685433596735	-7.881628482868102	-0.4710989227038809	-0.09012123771588954
0.92	-4.402209383501955	-8.059575149924076	-0.5878989355364865	-0.07696931708444055
0.93	-4.396650497109718	-8.089598996730306	-0.7422661736117959	-0.049057958942984925
0.94	-4.33420430582774	-7.873006093437894	-0.9528318945837455	0.0002549169780614591
0.95	-4.234788657924085	-7.245899662669089	-1.2519849487874666	0.0784935767919066