0.	-0.7203292454736638	-0.5566032161630519	0.	0.
0.01	-0.7243507257946913	-0.5576749150392807	2.117528374867561e-12	-6.45039577307216e-13
0.02	-0.7286109261171883	-0.5586896854929655	-4.1591174948507614e-12	-3.112621271839089e-12
0.03	-0.7328703616301512	-0.5594187608970419	3.9722669598063476e-12	3.1431524050162807e-12
0.04	-0.7368684513173822	-0.5596758505566504	9.167111514329918e-12	4.554689958524705e-12
0.05	-0.7408100990028682	-0.5595079267319955	5.211275855288022e-12	-2.0528023725319144e-13
0.06	-0.7446637039007515	-0.5589633728512289	6.970424237806583e-12	-8.136824547477772e-13
0.07	-0.7482473079356711	-0.55799483382868	-8.466227718884056e-12	-1.439959262938828e-12
0.08	-0.7517714989792101	-0.5566517384237801	2.2639667918156192e-12	1.0693113061677195e-11
0.09	-0.7551657596432327	-0.5548136511760805	1.495525925321317e-11	1.0458744981178825e-11
0.1	-0.7582501517237246	-0.552532487987916	-1.478883682182186e-11	7.84894371719247e-12
0.11	-0.7612429966836879	-0.5498465016108266	-2.2492785411998284e-11	1.4902856726450864e-11
0.12	-0.7640901878011847	-0.5466927028334267	-1.793332149446769e-11	7.01820823678645e-11
0.13	-0.7666738658826162	-0.5431014877226447	-1.4327727893004294e-10	1.2945267080510803e-10
0.14	-0.7690728527096208	-0.5390284264845263	-4.007725262766826e-10	3.331008802121005e-10
0.15	-0.7712509494711822	-0.5344767904517663	-9.713717608050843e-10	8.745614232807952e-10
0.16	-0.7732177689597595	-0.5294361504632737	-2.301683732497395e-9	2.1751613843434825e-9
0.17	-0.7749772671662074	-0.5239205426075481	-5.141576053802055e-9	5.0891723057944205e-9
0.18	-0.7764551506089886	-0.5179072543756978	-1.1104609232148732e-8	1.1008385425448353e-8
0.19	-0.7776614699674391	-0.5114208320766089	-2.276312516258372e-8	2.3203895249679363e-8
0.2	-0.7786073792874382	-0.5044180856032509	-4.4960996703480305e-8	4.698391731228213e-8
0.21	-0.7793386581126324	-0.496892982916315	-8.549078822639444e-8	9.15129987344443e-8
0.22	-0.7796837904862437	-0.48882122842916453	-1.5736324354698183e-7	1.7255651107994652e-7
0.23	-0.7798021395160663	-0.48022311747755947	-2.8125556539304597e-7	3.160371508936777e-7
0.24	-0.7795091060661358	-0.4711162396897516	-4.893633624991622e-7	5.624573393703258e-7
0.25	-0.7788997340749653	-0.4614581594616333	-8.30791139883047e-7	9.759705892342652e-7
0.26	-0.7779848979394504	-0.45124382895360393	-1.3785373249586286e-6	1.6543424384840577e-6
0.27	-0.7766648114429054	-0.44045862363248434	-2.2401052234277685e-6	2.74400353639237e-6
0.28	-0.7748903974175243	-0.42913637779010955	-3.5707985636124207e-6	4.46067778753223e-6
0.29	-0.7727627777431999	-0.41722125746517863	-5.5913240768479255e-6	7.116625260261689e-6
0.3	-0.7702120100284584	-0.40473682001417194	-8.611577017259009e-6	0.000011157692327123936
0.31	-0.7672183876376536	-0.39163309168836036	-0.000013062303259037122	0.000017209928974137867
0.32	-0.763727471100891	-0.37797044947799674	-0.0000195348200648926	0.000026141243610500187
0.33	-0.7597738147617448	-0.3637042794346741	-0.00002883339226156245	0.00003913875385658239
0.34	-0.7552474953624617	-0.348835066800826	-0.00004204270230623308	0.00005780590508164263
0.35	-0.7501796648663197	-0.33335152987380073	-0.000060612995186115626	0.00008428114833752831
0.36	-0.7445841118268276	-0.31724350583011507	-0.00008647017408858204	0.00012138424352647892
0.37	-0.7384041464435942	-0.30050800112171216	-0.0001221523929287871	0.00017278798267983397
0.38	-0.7315265556995229	-0.2831922522799764	-0.00017098241220803168	0.00024322233137547
0.39	-0.7240414181710336	-0.26520855437656987	-0.0002372826915312265	0.000338708172902602
0.4	-0.7158345809150449	-0.24659887557187035	-0.0003266386240412533	0.00046682098685738027
0.41	-0.7069329458275062	-0.22737458153515228	-0.0004462187080145341	0.0006369813465195162
0.42	-0.697219628273853	-0.20757946535654045	-0.0006051636586772435	0.0008607641934327004
0.43	-0.6866844448580828	-0.1871693201160573	-0.0008150460563017825	0.0011522173813475756
0.44	-0.6752707285278481	-0.16613168041159654	-0.0010904096726271906	0.0015281718635146158
0.45	-0.662900767935115	-0.14456739745500652	-0.0014493943895544925	0.00200851939976171
0.46	-0.6495820403917556	-0.12242532353405729	-0.0019144402655427717	0.002616431990719023
0.47	-0.6351365942607156	-0.09980442007721163	-0.0025130687026287957	0.0033784715701924706
0.48	-0.6194820970821274	-0.07674873804997549	-0.0032787254237333086	0.004324550711786904
0.49	-0.6025890861560333	-0.053264082810789884	-0.00425165308459885	0.005487672481553324
0.5	-0.5842326969219148	-0.029524677487500567	-0.005479760446790105	0.006903362607913854
0.51	-0.5643323108896274	-0.005545957659820161	-0.00701941579625831	0.008608716371306585
0.52	-0.5426581132627503	0.018495497224201185	-0.008936080766454357	0.010640923258034049
0.53	-0.5190263067910837	0.042419533213549576	-0.011304677274116659	0.013035136333644188
0.54	-0.4931116455963651	0.0660631804279413	-0.014209493687126373	0.01582153630874613
0.55	-0.46457630607162465	0.08914806520503912	-0.017743462907543806	0.019021391202679705
0.56	-0.4330635000224132	0.11134793739318002	-0.02200650544540994	0.022641885605680423
0.57	-0.39806824138735886	0.1323262456273969	-0.02710258679476346	0.02666948867150304
0.58	-0.35895486564403484	0.15156624764241747	-0.03313507730226728	0.03106154509105573
0.59	-0.31503861706481223	0.16857352214038135	-0.04019979392574702	0.03573583446589246
0.6	-0.26529631436365003	0.18258135759897498	-0.04837502452431719	0.04055760201148009
0.61	-0.2087304026307	0.1928398900689929	-0.057707771365119065	0.0453238542148435
0.62	-0.14389496011523184	0.1983276862518236	-0.06819478640736629	0.049744272713718535
0.63	-0.06915292187619268	0.19786113368302904	-0.07975745485612946	0.05341843230404547
0.64	0.017569639784461345	0.1900201788592319	-0.09220838063788903	0.055808659239527963
0.65	0.11866644888131729	0.17314917691141776	-0.10520791164403552	0.056208205388731086
0.66	0.2373682823724203	0.14528407288008624	-0.118207549119419	0.053703775989370955
0.67	0.3772769819532792	0.10407206975997854	-0.1303776927824004	0.04713253656554747
0.68	0.5429365799480568	0.04680738751790739	-0.14051451517212032	0.0350322231144657
0.69	0.7398803421995918	-0.02972731489843721	-0.14692236605070563	0.015584942944798764
0.7	0.9749736615181843	-0.12926739576589402	-0.14726418770505534	-0.013446778673866497
0.71	1.2562455850265815	-0.2560860390576527	-0.13837341793618108	-0.05479013452734455
0.72	1.593745817548956	-0.41522027023603125	-0.11601664905875975	-0.11173990736028372
0.73	1.9995775566885003	-0.6122694020691324	-0.0745958248695977	-0.1882405074999638
0.74	2.4885228672350355	-0.8538209307795535	-0.006776027150245056	-0.2889736085824153
0.75	3.0783501421226442	-1.1471420177275684	0.0969822270559022	-0.4194435107835661