0.	-3.877069923832096	-6.701670554406974	0.	0.
0.01	-3.9351796300227306	-6.725343135348339	-2.7057467377744615e-10	1.9122126104775816e-10
0.02	-3.9938499258994398	-6.74689988013256	-4.670255293603987e-10	2.2328094928525388e-10
0.03	-4.053187509118288	-6.766444735196728	-1.1045813153032213e-9	-1.1436895874794573e-10
0.04	-4.113307048026854	-6.784064544473722	-1.133685145759955e-9	2.2464519133791327e-10
0.05	-4.174037262331467	-6.799783303695904	-1.1580141290323809e-9	3.155946615152061e-10
0.06	-4.235373933381879	-6.81343724643898	-6.953086995054036e-10	1.1527845344971865e-9
0.07	-4.297322350316108	-6.8250513601688	-2.225988282589242e-9	1.168928065453656e-9
0.08	-4.359806933828622	-6.834552765864373	-1.0923031368292868e-9	8.662937034387141e-10
0.09	-4.422758997220171	-6.841962969513588	-6.939444574527442e-10	1.4817942428635433e-9
0.1	-4.486171571255227	-6.847038157824727	-2.0721699911518954e-9	4.1450221033301204e-10
0.11	-4.550080894587381	-6.84991885416548	-4.190496838418767e-10	1.752823663991876e-9
0.12	-4.61426973784387	-6.850532273458384	-2.3287611838895828e-9	8.267306839115918e-10
0.13	-4.678802323302648	-6.848823325770127	-2.432898327242583e-11	-1.969283403013833e-9
0.14	-4.743636303850053	-6.844775243773029	1.6444801076431759e-9	-5.445599526865408e-10
0.15	-4.8086330587959765	-6.838426703226332	-4.02678779209964e-10	-8.01628630142659e-9
0.16	-4.873768453340631	-6.829595790752364	4.711864676210098e-9	-1.6401145330746658e-8
0.17	-4.939058252503742	-6.818360126406333	1.2563873497128952e-8	-3.511058821459301e-8
0.18	-5.00432295550786	-6.804738935340765	2.7283476811135188e-8	-8.881374924385455e-8
0.19	-5.069582415317996	-6.788696720011558	4.2129158828174695e-8	-1.7737693269737065e-7
0.2	-5.134787285573566	-6.770223018094839	7.097185061866185e-8	-3.579357326088939e-7
0.21	-5.199787490410245	-6.749298703420209	1.1503584573802073e-7	-6.857774224044988e-7
0.22	-5.264606405290692	-6.725980193793703	1.5973319023032673e-7	-1.2755815532727866e-6
0.23	-5.329140190023736	-6.70024722834205	1.9729935729628778e-7	-2.285222763021011e-6
0.24	-5.393324989182304	-6.6721760960019765	2.0342775997050921e-7	-3.989254309999524e-6
0.25	-5.45708334981606	-6.6417546648222014	1.1178315162396757e-7	-6.780081548640737e-6
0.26	-5.520362808408038	-6.60898648475586	-1.7514287264930317e-7	-0.000011249194130869
0.27	-5.583110735544096	-6.573954954608098	-8.513795819453662e-7	-0.000018273342448082985
0.28	-5.64529081083333	-6.53679604754052	-2.185342907523591e-6	-0.000029083866593282437
0.29	-5.706725653354681	-6.497456121136111	-4.637701465526334e-6	-0.00004544612011159188
0.3	-5.767468924728291	-6.456072221559225	-8.871604791238497e-6	-0.00006980619855312398
0.31	-5.827471018657263	-6.412711629954401	-0.000015857597475132934	-0.00010555336689321848
0.32	-5.886554648675428	-6.367546242159051	-0.00002698102338172248	-0.00015727488971606363
0.33	-5.944762314034051	-6.3206038047953825	-0.000044149355858280614	-0.00023117659338822705
0.34	-6.002025137690396	-6.272014528480213	-0.00006997426163479759	-0.0003355087171712512
0.35	-6.058309484894949	-6.221971136409593	-0.00010789751553375027	-0.0004811916709286379
0.36	-6.113562972390525	-6.170633955139465	-0.00016241252035342768	-0.0006825294136660887
0.37	-6.167710045022375	-6.118142159704348	-0.00023925291620230382	-0.0009581311893498423
0.38	-6.220761049484622	-6.064665099112972	-0.00034559742348960754	-0.001332009555312652
0.39	-6.272696242794268	-6.010485026764627	-0.0004902342535046955	-0.001834919218936193
0.4	-6.323483647211333	-5.955775521568853	-0.0006837186544430551	-0.002506026521359672
0.41	-6.373119300909593	-5.900803452815239	-0.0009383600598766861	-0.0033948441057418677
0.42	-6.421570820388979	-5.845844678611002	-0.0012681889559189585	-0.0045635592229018584
0.43	-6.468843256383366	-5.791226212303513	-0.0016885909121810982	-0.006089808351248394
0.44	-6.514976379635186	-5.737224395429962	-0.002215738395932476	-0.00806990444391431
0.45	-6.5599738785134605	-5.684195026515113	-0.002865567733891794	-0.010622506446452462
0.46	-6.603840678192512	-5.632556720617458	-0.003652257193408559	-0.013892932007820491
0.47	-6.64658004925235	-5.582699547103971	-0.0045860289254164854	-0.018057905093883164
0.48	-6.688259706159954	-5.535080699175637	-0.005670066640249161	-0.023330896013249003
0.49	-6.728886726615656	-5.490195106715078	-0.00689649342510279	-0.0299679738186569
0.5	-6.768457642072008	-5.448524698949996	-0.008241103140107953	-0.038274061593483566
0.51	-6.807003832291969	-5.41069844720505	-0.009656702600608469	-0.04860953774777954
0.52	-6.84451986064721	-5.37729847419007	-0.011064961155597075	-0.06139722681780313
0.53	-6.881012490961382	-5.348992052064887	-0.012346578861354374	-0.0771293649281688
0.54	-6.916382704144382	-5.326534989707625	-0.013329638872136229	-0.09637483318419982
0.55	-6.950564035217724	-5.310685771421163	-0.013776171270762916	-0.1197863394926344
0.56	-6.983380663358446	-5.30228070428268	-0.013366768959656383	-0.1481077749274391
0.57	-7.014658816385548	-5.302295377659448	-0.011683174311741595	-0.18218196966040523
0.58	-7.044057358677719	-5.311704365614901	-0.008188699898425966	-0.22295903385952442
0.59	-7.0711729767006375	-5.331610861543027	-0.002206146430893341	-0.2715060740804347
0.6	-7.095467205264669	-5.363218344661277	0.007107486461876533	-0.32901877865185725
0.61	-7.116132614226672	-5.407820393145016	0.02079013895274784	-0.39683582461543665
0.62	-7.132247252405875	-5.466854599544945	0.04010924556925488	-0.47645712596875
0.63	-7.142531894573665	-5.541909099368127	0.06660333429499588	-0.5695665984696916
0.64	-7.1454458863642	-5.634705044465704	0.10213273941991474	-0.6780609452747512
0.65	-7.138935808223863	-5.747148787051401	0.14894285086754167	-0.8040845633897789
0.66	-7.1205099023941045	-5.881289186909044	0.20974253564000378	-0.9500721390227227
0.67	-7.086998072752266	-6.039498380453551	0.287802624768716	-1.1187991259033652
0.68	-7.034576321522309	-6.224293001532828	0.38707879326153716	-1.3134408944064262
0.69	-6.958355605094539	-6.438586675506144	0.5123654924041148	-1.5376408179347436
0.7	-6.852455962602818	-6.685469070962199	0.6694874670197066	-1.7955882118224054
0.71	-6.70966869227891	-6.9684888846938975	0.8655391286448264	-2.0921062389684266
0.72	-6.521008409913776	-7.291521088566924	1.1091822561823221	-2.432748677152631
0.73	-6.275695699948869	-7.658875994520372	1.4110165685370077	-2.8239080589556806
0.74	-5.960463403732945	-8.07535099706115	1.7840427311925282	-3.27293003473892
0.75	-5.559255956589027	-8.546256030512268	2.244240318175798	-3.788234742113673