0.	0.7201670190412561	0.5560915110748891	0.	0.
0.01	0.7153939563261602	0.5543625964318807	-1.2563283746658271e-12	1.1377565556358604e-12
0.02	0.7106818197870812	0.5521649079882718	3.148592497836944e-13	4.415245946631785e-12
0.03	0.7059345538039741	0.5495573935984767	-3.673727988484643e-13	-6.569522703614439e-12
0.04	0.7010303665307832	0.5466107292458211	7.961742376494385e-12	-8.602007994795713e-12
0.05	0.6960831881547744	0.5432963429638329	-3.5562663924793014e-12	-1.7741363933510002e-13
0.06	0.691066772892275	0.5396460354162164	-8.862799383280162e-12	-3.775313395237845e-12
0.07	0.6859259924095765	0.5356409856954828	1.759870027484567e-11	1.272515426364862e-11
0.08	0.6807611200704712	0.5313388752272645	9.023892744153272e-12	3.8336001040306655e-12
0.09	0.6754276629061541	0.5265809476503988	9.268363854175732e-12	-1.4583889651476056e-12
0.1	0.670093207878474	0.5215838629517094	1.7870371848971445e-11	3.472888643329952e-12
0.11	0.6646100764650436	0.5162415018230566	2.133404564119701e-12	-1.9321433342156524e-11
0.12	0.6591441775452835	0.5106063931548881	8.347522673091134e-11	2.5742741271983505e-12
0.13	0.6535082000713648	0.5045545118958319	1.8010470892448893e-10	2.8182456368597286e-11
0.14	0.6478574179410187	0.49826255997045155	5.352197574026718e-10	-5.399314328968785e-11
0.15	0.6421601439917315	0.49167955448942047	1.345976108346747e-9	-3.245875790369723e-11
0.16	0.636383699009686	0.48477503282067036	3.233943779434867e-9	-7.234501886443923e-11
0.17	0.6305086466531327	0.4775772522032849	7.523255796115791e-9	7.606676399873891e-11
0.18	0.6246567970083245	0.47011376177595693	1.6402066260745585e-8	7.512586108759933e-10
0.19	0.618606238732362	0.4622683887385305	3.415057592270898e-8	2.4074904292348265e-9
0.2	0.6126335993487072	0.45424200505317414	6.82688909847684e-8	6.603251279102551e-9
0.21	0.6065324886136232	0.44589828240292734	1.31538053560476e-7	1.6152018111892374e-8
0.22	0.6003905040438378	0.43725187801411153	2.452402049213376e-7	3.628562555979542e-8
0.23	0.5941239308356445	0.4283231045345596	4.436425123932608e-7	7.669405538424101e-8
0.24	0.5878868854170067	0.4191888957972002	7.804312438519645e-7	1.5418077498052796e-7
0.25	0.5815491647173947	0.4097618361725092	1.3381999104389308e-6	2.969626676785353e-7
0.26	0.5751928129977615	0.4001437165444506	2.241227787580513e-6	5.514962984065619e-7
0.27	0.56877583274848	0.3901548336383282	3.672578394953163e-6	9.914119094567297e-7
0.28	0.5622707510067576	0.38001288459541616	5.897739431603988e-6	1.7314033837756426e-6
0.29	0.5556306619359818	0.3694933303322019	9.294329083475716e-6	2.9459982540114282e-6
0.3	0.5489995548567074	0.35883625024679694	0.000014392890051229124	4.894925046350362e-6
0.31	0.542272545196982	0.3478759854902492	0.00002192638847109407	7.958178569411611e-6
0.32	0.5356279012583798	0.3368093061651322	0.00003289522464189343	0.000012682695677002087
0.33	0.5287889603538598	0.32544002205058487	0.00004864803236737103	0.000019842581543749738
0.34	0.5219251635454404	0.3138716988312208	0.00007098144261019623	0.000030518242746635504
0.35	0.514952541040151	0.3019834146739464	0.00010226312885830424	0.00004619680688505712
0.36	0.5079561642559485	0.28991103730873874	0.00014558242954509915	0.000068900217901402
0.37	0.5008866389796819	0.27769211607206745	0.00020493168538615603	0.00010134479530687912
0.38	0.4937055939925901	0.26522554236613094	0.00028542483506072136	0.00014713996807491636
0.39	0.48645774121992214	0.25254872543717266	0.0003935572519855324	0.00021103304519176636
0.4	0.47918654765782204	0.23965226626427147	0.0005375147243823486	0.00029920720333684314
0.41	0.4718120514603689	0.22663632705928743	0.0007275361828048554	0.0004196431952295798
0.42	0.4643723267783774	0.21335111223302566	0.000976339176691321	0.0005825537195947861
0.43	0.4568623220228993	0.19992019657709892	0.0012996161190986233	0.0008009022155071599
0.44	0.44923376560062117	0.1862333272975329	0.0017166075259287261	0.00109101944840867
0.45	0.44156363065450666	0.17230993191265714	0.002250764879919487	0.0014733285824030662
0.46	0.43380991504710154	0.15840605901428842	0.0029305111222753255	0.001973199058997982
0.47	0.425972040402182	0.14409257241864715	0.0037901092001472736	0.002621936000854752
0.48	0.4179938472349359	0.1297001572377677	0.004870651644791613	0.003457938545610134
0.49	0.4100524102303845	0.11511699126746248	0.006221184228519638	0.004528026709487876
0.5	0.40197119883718	0.1002102708477556	0.007899969007543528	0.005888971876204435
0.51	0.3938430298407916	0.08521817037905768	0.009975916114488836	0.007609252244519443
0.52	0.3856662984519189	0.07000820063197623	0.012530178775898071	0.009771043065982032
0.53	0.3773928774526013	0.0545159847145325	0.01565794138347809	0.012472483084399598
0.54	0.36912561492909096	0.03872094015437333	0.019470417813809593	0.015830235113067262
0.55	0.3607596481835852	0.022645692397149843	0.024097053920834388	0.019982375584950224
0.56	0.3523914355397474	0.006250929390325302	0.0296879849043028	0.025091622232272903
0.57	0.34403946128378443	-0.010481599087427976	0.036416735472077466	0.03134896569212193
0.58	0.33564581036135654	-0.02782725310316277	0.04448318850338806	0.03897769435194921
0.59	0.3273895328457153	-0.0456507650960263	0.0541168748875529	0.048237901054791914
0.6	0.31909135494159024	-0.06416039550541017	0.06558050603415122	0.05943142321308051
0.61	0.31097827671018763	-0.08338130922377911	0.07917393045804783	0.0729073770309804
0.62	0.3029467124502424	-0.10362391717283018	0.09523830359480517	0.08906813534667885
0.63	0.2950260998674502	-0.1250515949891194	0.11416076057194255	0.10837602247012632
0.64	0.28745307235504103	-0.14799292695384247	0.1363793945506343	0.13136054688844573
0.65	0.2800872576534301	-0.1725552010713778	0.16238860078397307	0.15862636031170005
0.66	0.2731163299363493	-0.19931592854127836	0.19274493785094005	0.1908618318033287
0.67	0.2665637668612202	-0.22860288678439067	0.22807331589145227	0.22884847767035726
0.68	0.2604406896112199	-0.2610150858001128	0.26907358678263593	0.2734710548128778
0.69	0.2550831165673183	-0.29725706569403654	0.3165280083691534	0.3257284763887779
0.7	0.2502347483054811	-0.33777058169641616	0.3713082340795413	0.3867458542046265
0.71	0.24674908794401842	-0.3843397130891474	0.43438447981178574	0.4577862581989435
0.72	0.24402481663580314	-0.4371452500376765	0.5068326993903497	0.5402659263322664
0.73	0.24260072546495007	-0.49816210668851124	0.5898447040942547	0.6357664412661915
0.74	0.2425908689067427	-0.5686180038312204	0.6847374730202286	0.7460521180390164
0.75	0.24435747795990292	-0.6505686514753967	0.7929631879433208	0.8730849409474245