0.	-0.16613880158560923	-0.2443689312224021	0.	0.
0.01	-0.16962674126462096	-0.24644812782383796	4.440892098500626e-16	0.
0.02	-0.1731622996179769	-0.24848690771495913	0.	-1.6653345369377348e-16
0.03	-0.17674702480825843	-0.25048382948613546	2.220446049250313e-16	-1.1102230246251565e-16
0.04	-0.18038244266477566	-0.25243743907775196	-2.220446049250313e-16	0.
0.05	-0.18407008304980765	-0.2543463146894962	0.	4.440892098500626e-16
0.06	-0.1878113971817894	-0.25620905347876677	5.551115123125783e-16	-2.220446049250313e-16
0.07	-0.19160809361965792	-0.2580242987384332	1.1102230246251565e-16	2.220446049250313e-16
0.08	-0.19546164488621331	-0.2597907110475124	-4.440892098500626e-16	9.43689570931383e-16
0.09	-0.19937367963380448	-0.2615069944772027	1.1102230246251565e-16	1.1102230246251565e-16
0.1	-0.20334567739406761	-0.263171882871015	-7.771561172376096e-16	-1.1102230246251565e-16
0.11	-0.20737931283267774	-0.26478416315739206	1.1102230246251565e-16	0.
0.12	-0.21147622958031642	-0.2663426666274632	2.220446049250313e-16	0.
0.13	-0.21563812037107144	-0.2678462775789243	-6.661338147750939e-16	5.551115123125783e-16
0.14	-0.21986670385592166	-0.2692939369309989	-2.220446049250313e-16	-2.220446049250313e-16
0.15	-0.2241637504818177	-0.27068464996195774	-1.3322676295501878e-15	-1.1102230246251565e-15
0.16	-0.22853108304385172	-0.2720174915058222	-3.4416913763379853e-15	-3.552713678800501e-15
0.17	-0.23297058385989244	-0.273291612985739	-1.1657341758564144e-14	-1.199040866595169e-14
0.18	-0.23748420171067175	-0.27450625067126866	-3.341771304121721e-14	-3.26405569239796e-14
0.19	-0.24207396001949766	-0.2756607335594855	-8.959499808725013e-14	-8.64863736182997e-14
0.2	-0.24674196639583124	-0.2767544937550209	-2.2859492077031973e-13	-2.1593837828959295e-13
0.21	-0.2514904207369435	-0.27778707553580606	-5.574429806642911e-13	-5.1414428270391e-13
0.22	-0.2563216258599579	-0.2787581469262471	-1.3039569424222464e-12	-1.1753931161706532e-12
0.23	-0.2612379998212718	-0.2796675129617383	-2.9385383015778643e-12	-2.58792987040124e-12
0.24	-0.26624210775438273	-0.2805150869115496	-6.401990049198503e-12	-5.508371536677714e-12
0.25	-0.2713365927711273	-0.28130107170701035	-1.3510859098175843e-11	-1.1358358698032589e-11
0.26	-0.276524316503693	-0.282025728372153	-2.7708280114779882e-11	-2.2744361949378344e-11
0.27	-0.28180829094914195	-0.28268955898141634	-5.5326632164565126e-11	-4.43258763027643e-11
0.28	-0.2871917181070195	-0.2832932858817955	-1.0778522518961609e-10	-8.423817199343375e-11
0.29	-0.2926780100933444	-0.2838378746383283	-2.0521540022855334e-10	-1.563607021637381e-10
0.3	-0.2982708107936628	-0.28432455715227634	-3.824408567609794e-10	-2.8389790518446034e-10
0.31	-0.3039740202844047	-0.2847548603829264	-6.98598290327368e-10	-5.048833573439993e-10
0.32	-0.30979182303239927	-0.28513063565551644	-1.2523949655118827e-9	-8.805075557560826e-10
0.33	-0.31572871611533393	-0.2854540915829785	-2.20597951017254e-9	-1.5074802517389685e-9
0.34	-0.32178954334298704	-0.28572783125465695	-3.821661098690754e-9	-2.5360777922145417e-9
0.35	-0.3279795332195623	-0.28595489303437893	-6.517777983994222e-9	-4.196038405623881e-9
0.36	-0.3343043384451043	-0.2861387955317385	-1.0952454054802274e-8	-6.833095977931691e-9
0.37	-0.34077008299223466	-0.28628358744666005	-1.814779759801155e-8	-1.095968094055877e-8
0.38	-0.3473834126935954	-0.28639390412945986	-2.9671804013808867e-8	-1.7324077838942742e-8
0.39	-0.354151552430797	-0.28647502852163087	-4.790182028813206e-8	-2.7003208891152042e-8
0.4	-0.36108236980305963	-0.28653296080211166	-7.640217192239618e-8	-4.1524864990982735e-8
0.41	-0.3681844469783834	-0.28657449508869515	-1.2045960706696945e-7	-6.302588184681213e-8
0.42	-0.37546715939626163	-0.2866073049961446	-1.878351745254747e-7	-9.445275661601471e-8
0.43	-0.38294076589602566	-0.28664003935961	-2.8980977639925243e-7	-1.3981069513224753e-7
0.44	-0.3906165080390067	-0.28668242976875824	-4.4262461096344907e-7	-2.0446540038854266e-7
0.45	-0.3985067224461475	-0.2867454099063791	-6.694478688062944e-7	-2.954984867908905e-7
0.46	-0.4066249663807182	-0.28684124955790447	-1.0030366557334247e-6	-4.2211168316264036e-7
0.47	-0.4149861516680373	-0.28698376883219345	-1.4893094220091996e-6	-5.960659685833036e-7
0.48	-0.4236067306495741	-0.28718825746361376	-2.192102164455534e-6	-8.32127500904889e-7
0.49	-0.4325048289241007	-0.28747203733235294	-3.1994488172149005e-6	-1.1484739264044919e-6
0.5	-0.4417004745542803	-0.28785442971645625	-4.63181351517683e-6	-1.566984427769924e-6
0.51	-0.451215811430443	-0.28835705914934495	-6.652799427131484e-6	-2.113300540118601e-6
0.52	-0.4610753487794397	-0.28900412707982626	-9.482980056763068e-6	-2.8164915151229764e-6
0.53	-0.4713062366217782	-0.28982271813522664	-0.000013417638566881607	-3.7080891011065376e-6
0.54	-0.48193857663744466	-0.29084315236196745	-0.000018849365135853446	-4.820164573260399e-6
0.55	-0.4930057651579307	-0.2920993799482614	-0.0000262966526398678	-6.182001816235072e-6
0.56	-0.5045448837534445	-0.29362942831191274	-0.000036439849635749866	-7.814765012659208e-6
0.57	-0.5165970919811265	-0.2954759270268068	-0.00005016607893426617	-9.723360858915342e-6
0.58	-0.5292081361717407	-0.2976866703353913	-0.0000686250091519458	-0.000011884440040965671
0.59	-0.5424287391758966	-0.30031537242143935	-0.00009329767413435164	-0.000014229158997070002
0.6	-0.556315531770134	-0.3034221147003471	-0.00012608091533228283	-0.00001661891324600262
0.61	-0.5709311050850985	-0.3070746646673701	-0.00016939027655205052	-0.00001881172394280206
0.62	-0.5863450204484912	-0.31134917107376014	-0.00022628474796548836	-0.000020416316482751995
0.63	-0.6026345364433101	-0.3163312124577138	-0.00030061703651096394	-0.000020830058941712082
0.64	-0.6198847812143615	-0.3221177318884958	-0.0003972131371270393	-0.000019156011968446407
0.65	-0.6381902890498727	-0.32881760986903497	-0.0005220863953192545	-0.000014092653336961192
0.66	-0.6576551811385942	-0.3365539878391677	-0.0006826897700056289	-3.7886903014872075e-6
0.67	-0.6783939837380035	-0.345466103557738	-0.0008882118312001364	0.000014347296141137278
0.68	-0.700532231161908	-0.35571156936258186	-0.00114992098445299	0.000043895086894396584
0.69	-0.7242069252137637	-0.3674689982765025	-0.0014815623445201265	0.00008974528684468908
0.7	-0.7495667732505578	-0.3809410258839234	-0.001899810798335233	0.0001585168980247076
0.71	-0.7767721485323731	-0.39635789536908117	-0.0024247823102458987	0.00025909655502198703
0.72	-0.8059942838140985	-0.41398103056135893	-0.00308060296446544	0.0004033353651959892
0.73	-0.8374142847988071	-0.434108281685178	-0.0038960317930569754	0.0006069446688181657
0.74	-0.871220645269617	-0.45707891621717156	-0.004905127036438861	0.0008906528853489526
0.75	-0.9076060241185133	-0.483279008659919	-0.0061479404252215986	0.001281697810622262
0.76	-0.9467614590336888	-0.5131489641494733	-0.007671205985229079	0.0018157548146038316
0.77	-0.9888685055353741	-0.5471919009374071	-0.009528977959209595	0.002539428992780479
0.78	-1.0340885671332587	-0.5859803641029204	-0.011783160584794228	0.0035135087196112025
0.79	-1.0825468912463658	-0.6301670786729443	-0.014503811452770687	0.0048171988971001944
0.8	-1.1343112161460303	-0.6804949152232727	-0.01776909071603372	0.006553682242173231
0.81	-1.18936141373422	-0.7378073525107292	-0.021664638805876102	0.008857472796234944
0.82	-1.247549926921712	-0.8030579022154809	-0.026282124866463086	0.011904198894521656
0.83	-1.3085457135657736	-0.8773228564410562	-0.03171651303831302	0.015923703982566817
0.84	-1.3717594234196708	-0.9618037942741111	-0.0380615709854184	0.02121789490200854
0.85	-1.4362412642799027	-1.0578308221293318	-0.045402800441250335	0.02818514481632839
0.86	-1.5005405436605948	-1.1668523268225899	-0.05380676386742156	0.03735426711536771
0.87	-1.562515396890971	-1.2904050203695085	-0.06330550061743434	0.049432466482235426
0.88	-1.6190714623927098	-1.4300596709836837	-0.07387412234974189	0.06537398590286525
0.89	-1.665794085760881	-1.5873001504526814	-0.08539931194416894	0.08648096985508147
0.9	-1.6964428010357988	-1.7633207015456058	-0.09763641426148073	0.1145539594374041
0.91	-1.7022282530915742	-1.9586526868321013	-0.11015268289170699	0.15212360082153964
0.92	-1.6707769919809614	-2.1725044505393143	-0.12225805498147402	0.2028174153764688
0.93	-1.5846190490907013	-2.4015597112945812	-0.1329347726611374	0.27196285501156403
0.94	-1.4189427365831868	-2.6377335428652966	-0.1408126873937423	0.36762225036993
0.95	-1.1381832139351324	-2.8637671045352366	-0.14434568209468956	0.502466127842192