0.	1.0311648830732736	1.7769795570450457	0.	0.
0.01	1.0535311007545145	1.7909525868609162	8.723466393689705e-12	-7.506439914095608e-12
0.02	1.076154278121881	1.8040384077065001	-1.9393819883362085e-11	3.856692742942869e-12
0.03	1.0991433078439865	1.816305704342627	5.208566911107937e-11	-4.098410499864258e-11
0.04	1.1226207999080242	1.8277794792527406	-2.5002666603768375e-11	-3.452971242268177e-11
0.05	1.1465045661731272	1.8382477793056355	6.625988646646874e-11	1.3165024626005106e-11
0.06	1.1705769821798173	1.8478880774862303	2.9939828394276446e-11	-8.603384671346248e-11
0.07	1.1951420604947591	1.8564581653758303	8.288125741273689e-11	-3.235700596349034e-11
0.08	1.220022796174695	1.8640303746771487	-3.627964595409594e-11	2.7538638036617158e-11
0.09	1.2451540319619738	1.8704564067094986	-4.32569535746552e-11	-1.8019408187797126e-10
0.1	1.27051023796249	1.8757419697764948	-2.2593682480476218e-10	-9.008571666413445e-11
0.11	1.2961662209927014	1.87986549810733	-8.01536614858378e-12	8.399037021433742e-11
0.12	1.3220218823554992	1.8827559349833363	-8.821565700145584e-11	-1.9461965372613577e-10
0.13	1.3479136699860055	1.8842664300602865	-1.709743457922741e-11	-3.5258596042808676e-10
0.14	1.3740511664326989	1.884514008775776	-1.5003043252193038e-10	-1.249400805036771e-9
0.15	1.4002240521551155	1.8832860066939299	-6.958766896048019e-10	-3.1940547984277146e-9
0.16	1.4264596955939135	1.8806202583758431	-2.7596822604891713e-9	-7.048619909966192e-9
0.17	1.4526407448538463	1.8764724893004698	-7.224817188955512e-9	-1.5978657730286727e-8
0.18	1.4787985532114152	1.8707164244114776	-1.850910358314195e-8	-3.361222788988982e-8
0.19	1.5048311052295702	1.8633186911035033	-4.453385837877022e-8	-6.822491083191551e-8
0.2	1.5305965089904607	1.854272976737461	-1.0012060402964096e-7	-1.3137197640844533e-7
0.21	1.556152790672431	1.8434775429173738	-2.1349942547210787e-7	-2.42895759949846e-7
0.22	1.5813534024040081	1.830891538137839	-4.3559032225637395e-7	-4.321515172378554e-7
0.23	1.6062211944633997	1.816423079637377	-8.526512149664711e-7	-7.411295692705266e-7
0.24	1.6305780252705495	1.8000808451445374	-1.6121103405541959e-6	-1.2290635658107618e-6
0.25	1.6544101856378224	1.7817574234520541	-2.9508076033746278e-6	-1.9719001638218714e-6
0.26	1.677576486772931	1.7614817074625222	-5.247053868062679e-6	-3.065048566508466e-6
0.27	1.7000050502046316	1.7391067199674184	-9.08716240721752e-6	-4.615648331762756e-6
0.28	1.7216470719915136	1.7146113610906757	-0.000015363852594152405	-6.732047057367296e-6
0.29	1.7423460799749377	1.6879685253486132	-0.000025408588314679292	-9.494870507165132e-6
0.3	1.7620103603690658	1.6591352594478448	-0.000041175632919498995	-0.000012911707974572195
0.31	1.780546503558973	1.6280266938602237	-0.00006548785817250824	-0.00001683736591306939
0.32	1.7978160225823419	1.594640161147875	-0.00010236384304351809	-0.000020851392235510247
0.33	1.8137449992901802	1.558917910825764	-0.00015745160346058995	-0.00002406925142284244
0.34	1.8281739775429173	1.5208317372485158	-0.0002385892474654483	-0.0000248641531992444
0.35	1.8409489198383393	1.480335470562178	-0.00035653487664744077	-0.000020467722168016067
0.36	1.8519624636730394	1.4373905057671759	-0.000525901111369631	-6.398607192314998e-6
0.37	1.8610907365017337	1.3919872292262458	-0.0007663449385000298	0.000024326620922110465
0.38	1.868107321539778	1.3441172751937978	-0.0011040771012167383	0.00008228757660777575
0.39	1.8729346261277595	1.293714216409946	-0.0015737580286685482	0.00018313990208707054
0.4	1.875328191586168	1.240837946112415	-0.0022208766387250556	0.0003496076011342275
0.41	1.8751565196153648	1.1854180221570103	-0.0031047113916975455	0.0006141392499130482
0.42	1.8722076463463693	1.127483443776023	-0.004302013314475106	0.00102241560012728
0.43	1.866273623785979	1.067086953370081	-0.0059115593442071734	0.0016379524538956414
0.44	1.8571514704559904	1.0042325875662224	-0.008059774702196876	0.0025481032897132216
0.45	1.8445688384550936	0.9389831456482132	-0.010907656139905297	0.0038718350285947833
0.46	1.8282774355752243	0.871394459153603	-0.014659276158231593	0.005769755731491966
0.47	1.8079869163052287	0.8015971604519458	-0.01957222303388706	0.008456991379219847
0.48	1.7833645954953077	0.7297040271622511	-0.025970397313893834	0.012219642310153711
0.49	1.7540715461554597	0.6559122742919805	-0.03425969358338343	0.01743574893292177
0.5	1.7196527503578591	0.5804394121070723	-0.04494721310260652	0.024601921344168165
0.51	1.6797061890235372	0.50360222133937	-0.05866482396794326	0.03436706721378646
0.52	1.6336508295718586	0.42579655828116403	-0.07619804431720567	0.04757498485255485
0.53	1.5808798276959068	0.3475243318419294	-0.0985215403401849	0.0653181021176385
0.54	1.5206734035745406	0.2694316676042064	-0.12684277528623533	0.08900510613273344
0.55	1.4521711898497789	0.19235851489592548	-0.1626558457266638	0.12044593365585055
0.56	1.374394106344482	0.11735196061692643	-0.20780796605435992	0.16195851616364954
0.57	1.286111157349215	0.045757006532109123	-0.2645818591157718	0.21650266479656816
0.58	1.1859039046335624	-0.020714515097720543	-0.3357982064799361	0.2878479023408724
0.59	1.0720568810978834	-0.07988297180720222	-0.4249433399099607	0.380783856147562
0.6	0.9424453513454352	-0.12899351296483333	-0.5363290146144253	0.5013837716962912
0.61	0.7945515511562524	-0.16453496449286248	-0.6752933947857458	0.6573348545989195
0.62	0.6252530650218115	-0.18204055705531727	-0.8484543780014024	0.8583521689095214
0.63	0.43072210350300744	-0.17584393382890032	-1.0640308636400468	1.1166976226127274
0.64	0.2062548536599036	-0.1387773635167149	-1.3322515160591357	1.447831541179397
0.65	-0.053991526298056265	-0.06168344598635055	-1.665878170342509	1.8712302356849366
0.66	-0.3572845738157148	0.06704245875960801	-2.0808778725342574	2.411414171476157
0.67	-0.7127093528344981	0.2621832527123602	-2.5972917121570216	3.0992415139263847
0.68	-1.131678326958882	0.5425569737774528	-3.240363157821929	3.973538146584879
0.69	-1.6285995445161765	0.9321598158786182	-4.042010585254747	5.0831538712114055
0.7	-2.221781284382314	1.4616425406345326	-5.04276052845325	6.489560929579795
0.71	-2.9345682490573646	2.1701645596538963	-6.294298346541126	8.27014252819166
0.72	-3.796949760642251	3.107952408393592	-7.86285647451823	10.52236101358914
0.73	-4.847656701471227	4.339456588397644	-9.833733349794166	13.3690528025639
0.74	-6.137053074154854	5.947627344189865	-12.317367323127044	16.96515908481954
0.75	-7.731057416016626	8.039498742085165	-15.457542217572204	21.50630683435334