0.	-0.19900678117899162	-0.3523199076203497	0.	0.
0.01	-0.20448994093350192	-0.3608089770754636	-6.661338147750939e-16	-1.6653345369377348e-16
0.02	-0.21036753292271437	-0.3694533708218353	1.2212453270876722e-15	7.771561172376096e-15
0.03	-0.2166528277739186	-0.37824008127050684	-1.2323475573339238e-14	-6.6058269965196814e-15
0.04	-0.22335850086688214	-0.38715543406538216	-7.882583474838611e-15	7.716050021144838e-15
0.05	-0.2304964123606712	-0.3961851568699289	-6.328271240363392e-15	-4.218847493575595e-15
0.06	-0.23807768996410494	-0.40531442334860324	-4.3298697960381105e-15	-1.887379141862766e-15
0.07	-0.24611290452552181	-0.414527881322064	-8.770761894538737e-15	-1.1213252548714081e-14
0.08	-0.2546118469649461	-0.4238097097661966	-1.2323475573339238e-14	-9.880984919163893e-15
0.09	-0.263583573128944	-0.4331436186635236	-3.552713678800501e-14	-6.217248937900877e-15
0.1	-0.27303627591650503	-0.4425130715345095	-2.7755575615628914e-15	1.509903313490213e-14
0.11	-0.28297740815907624	-0.45190107711846084	9.769962616701378e-15	2.4424906541753444e-15
0.12	-0.29341356136326546	-0.4612904187359548	2.020605904817785e-14	2.1649348980190553e-14
0.13	-0.30435047085027855	-0.4706636671769614	-1.5987211554602254e-14	-6.328271240363392e-15
0.14	-0.31579299762441326	-0.4800032408791526	-5.995204332975845e-14	2.942091015256665e-14
0.15	-0.32774511176697063	-0.4892914687862463	-4.574118861455645e-14	-3.3306690738754696e-16
0.16	-0.34020988387575735	-0.4985106551408667	4.6074255521943996e-14	-4.440892098500626e-14
0.17	-0.3531894721655038	-0.5076431486310552	6.961098364399732e-14	-9.50350909079134e-14
0.18	-0.3666851207598285	-0.5166714123034551	1.9872992140790302e-13	-1.8596235662471372e-13
0.19	-0.3806970354878788	-0.5255780999593038	5.834221994405198e-13	-5.404565683875262e-13
0.2	-0.3952248657609986	-0.5343461256837453	1.4280798765753389e-12	-1.4462875341791914e-12
0.21	-0.4102669917485481	-0.5429587570784379	3.4909852786313422e-12	-3.6183278595558477e-12
0.22	-0.42582109205221685	-0.551399683001731	7.79598607891785e-12	-8.226863634774872e-12
0.23	-0.44188373019621197	-0.5596531234482899	1.6994405882542196e-11	-1.8705370585792025e-11
0.24	-0.45845083535805653	-0.5677038916308499	3.568034756540328e-11	-4.085087823568756e-11
0.25	-0.47551742175075784	-0.575537504183391	7.23785475997829e-11	-8.6144869015925e-11
0.26	-0.4930776965113881	-0.5831402768554703	1.4260903569152106e-10	-1.7617196590435924e-10
0.27	-0.51112509714394	-0.590499424837011	2.737510218508987e-10	-3.502214074302401e-10
0.28	-0.5296523356846035	-0.5976031692471722	5.126072899486189e-10	-6.77551348360339e-10
0.29	-0.5486514824175637	-0.6044407711349524	9.386926791421502e-10	-1.2788916592398891e-9
0.3	-0.5681138981150653	-0.6110029501775107	1.6832790716847512e-9	-2.3592177100795197e-9
0.31	-0.5880304938746197	-0.617281548242701	2.960575340438254e-9	-4.258436714366098e-9
0.32	-0.6083916800407869	-0.6232699598646547	5.114566103969764e-9	-7.531554047091049e-9
0.33	-0.6291874891062821	-0.6289631852368627	8.693085806754652e-9	-1.3068589765907745e-8
0.34	-0.6504076720217791	-0.6343579677479192	1.4555100902313711e-8	-2.2271125610373588e-8
0.35	-0.672041812865473	-0.6394529367352062	2.403382137750043e-8	-3.731259190509206e-8
0.36	-0.6940794528027296	-0.644248757186352	3.918541668923581e-8	-6.151420905986527e-8
0.37	-0.7165102309677205	-0.6487482876280894	6.315263445522135e-8	-9.987824078905305e-8
0.38	-0.7393240435691284	-0.6529567430197976	1.0070392475469703e-7	-1.5983994283708114e-7
0.39	-0.7625112192669437	-0.6568818691062672	1.5903796901639566e-7	-2.523119626562931e-7
0.4	-0.7860627134032672	-0.6605341257087181	2.489530712690424e-7	-3.931147865010587e-7
0.41	-0.8099701453242458	-0.663926936268785	3.86575575994641e-7	-6.049326397583599e-7
0.42	-0.8342267901012765	-0.6670766465697457	5.958666864369633e-7	-9.199385160307827e-7
0.43	-0.8588267296526186	-0.6700031018569277	9.122740174394295e-7	-1.383303057878038e-6
0.44	-0.8837659103234676	-0.6727296269107712	1.3879910170100374e-6	-2.0578373458590704e-6
0.45	-0.9090422986846756	-0.6752833183285261	2.0995170412207997e-6	-3.030099088530136e-6
0.46	-0.9346563853095113	-0.6776952387508284	3.1584380120186495e-6	-4.418352745005905e-6
0.47	-0.9606111570371603	-0.680000872760568	4.72668230744322e-6	-6.3828893344108906e-6
0.48	-0.9869132777329853	-0.6822400906678214	7.0379775519713306e-6	-9.139329037122224e-6
0.49	-1.0135731825339485	-0.684457617658718	0.000010427713746263834	-0.00001297562774604799
0.5	-1.040605821198838	-0.6867032584960411	0.00001537417253105744	-0.000018273744153418647
0.51	-1.068031382587133	-0.6890321591162758	0.000022554823832177107	-0.000025536933383474292
0.52	-1.0958760813451027	-0.6915051106751413	0.000032922287752423784	-0.00003542394553690542
0.53	-1.1241731542547904	-0.6941887231961239	0.00004780553723482406	-0.0000487911579161171
0.54	-1.152963920379837	-0.6971556658684657	0.00006904258918849493	-0.00006674370151316111
0.55	-1.1822990708577445	-0.7004847779333958	0.00009915148428651932	-0.00009069566201747037
0.56	-1.2122401755498173	-0.7042610844333979	0.00014154565877388947	-0.0001224379003588183
0.57	-1.2428614733075727	-0.7085756330721011	0.00020079791356297783	-0.00016420851047627139
0.58	-1.2742520110378774	-0.7135250727757416	0.00028295183108939526	-0.00021875430528384143
0.59	-1.306518235957375	-0.7192108274067222	0.0003958698700605723	-0.0002893598801492203
0.6	-1.3397871351364992	-0.7257376856762079	0.0005495892858355944	-0.0003797993520757714
0.61	-1.3742100894088534	-0.7332114950558317	0.0007566272877426172	-0.0004941290889064476
0.62	-1.4099675938066816	-0.7417355451795875	0.0010321274670865854	-0.0006361765158873212
0.63	-1.4472750614641878	-0.7514049846795241	0.0013936622806354215	-0.0008084740151543812
0.64	-1.4863899147607453	-0.7622983213832941	0.0018603867268149887	-0.0010102097289919065
0.65	-1.5276201650508672	-0.7744645812417805	0.002451057493844777	-0.0012334740012964751
0.66	-1.5713345799988427	-0.7879039886796373	0.0031801640220192606	-0.0014565993539790156
0.67	-1.6179743153657538	-0.8025390049272492	0.004051028493455178	-0.001632607341238046
0.68	-1.6680653716906177	-0.818170976884316	0.005044179452855513	-0.0016694980524274428
0.69	-1.7222302760222863	-0.8344153144762689	0.006098536210919381	-0.0013970535169409715
0.7	-1.7811955339587127	-0.8506046261638227	0.007081911463553414	-0.0005114857995573985
0.71	-1.8457880675993015	-0.8656440241980383	0.0077460231212955755	0.0015161239093735013
0.72	-1.9169078679059675	-0.8777950859959014	0.007659624027404943	0.005590326208868568
0.73	-1.9954536111774726	-0.8843534318928139	0.006111733048839163	0.013237452041803266
0.74	-2.0821595910793764	-0.8811679316228052	0.0019757737429499933	0.027006664835940164
0.75	-2.1772708884132523	-0.8619243007372388	-0.0064740047310922755	0.051121466424392636
0.76	-2.279927521348158	-0.8170800340173567	-0.021797478637472167	0.09253624088482404
0.77	-2.387034771610198	-0.7322837577843209	-0.04766369656278302	0.16264746473997205
0.78	-2.4912299958597437	-0.5860384462069521	-0.0891187553532582	0.2800646914563101
0.79	-2.577269864583637	-0.3462640286389729	-0.15271998149661004	0.47509966705700557
0.8	-2.615659581093191	0.034720889991576076	-0.24624396417957906	0.7970477927785735
0.81	-2.5514631900002875	0.62744234643014	-0.37733799340110785	1.3260211709325596
0.82	-2.2846601715225923	1.5355440265273472	-0.5497987485757161	2.192234229922491
0.83	-1.63562218342242	2.909942185502487	-0.7548096733071539	3.6075269496571742
0.84	-0.2841608690982973	4.967381107498156	-0.9517190294727627	5.917115320257803
0.85	2.3387496628306748	8.0124517704335	-1.0274464486863666	9.684912721117279
0.86	7.2449872923025875	12.457843355910413	-0.7124061850279535	15.834886063311508
0.87	16.24084505671111	18.826037338514084	0.5924498158132536	25.88639450728286
0.88	32.572749110091934	27.686328018473063	4.171738872474123	42.347611136223435
0.89	62.13328470008082	39.40675991552905	12.735397263566881	69.37487925484969
0.9	115.7589166238989	53.4113984870466	31.97941115596811	113.87549741605974
0.91	213.7134318096377	66.13913442961507	73.95513278990853	187.33060221268178
0.92	394.68736853345365	65.56147123227254	164.57096435988512	308.70323232790525
0.93	734.482230759168	16.28146603489722	360.9972830776521	508.6202198325686
0.94	1386.3715381843253	-182.54663386774678	794.2858726116992	833.3431724328309
0.95	2672.3597057625866	-824.1086652623258	1781.5169060999851	1337.997709307228