0.	-3.8767203570330366	-6.702481231753836	0.	0.
0.01	-3.9643086535472776	-6.737760685724879	1.1823431123048067e-11	5.95719029661268e-11
0.02	-4.053063241982272	-6.771725096136606	-1.609805622138083e-10	1.2778400559909642e-10
0.03	-4.143197744513827	-6.804274060284115	-1.5688783605583012e-10	1.1050360626541078e-10
0.04	-4.234894509657124	-6.835269818311417	-1.6120793588925153e-10	2.376054908381775e-10
0.05	-4.328064913441267	-6.864612773158342	-2.4692781153135e-10	4.490630090003833e-10
0.06	-4.422698336201847	-6.892155358492801	-1.3778844731859863e-10	5.411493475548923e-10
0.07	-4.518795536566927	-6.918000205030694	-1.1425527191022411e-10	-2.0031620806548744e-10
0.08	-4.616213636745329	-6.941924525415061	3.672084858408198e-11	2.348770067328587e-10
0.09	-4.7150428443310375	-6.963806304971058	2.4647306418046355e-10	2.8126123652327806e-10
0.1	-4.815077552268235	-6.98373105143628	9.356426744488999e-11	3.647073754109442e-10
0.11	-4.916463052188419	-7.001485804161803	-2.1111645764904097e-10	7.423750503221527e-10
0.12	-5.019140459707046	-7.01709762070891	5.763922672485933e-11	9.640643838793039e-11
0.13	-5.1228436214247495	-7.030437846073255	-4.2439296521479264e-10	8.924416761146858e-10
0.14	-5.227684064283608	-7.0415147052065095	-1.0197709343628958e-10	1.4561010175384581e-9
0.15	-5.3335813751549495	-7.050180707177333	3.5277025745017454e-10	1.175749275716953e-9
0.16	-5.4404657868559525	-7.056469719952702	7.252083378261887e-10	2.8273916541365907e-9
0.17	-5.548279070594674	-7.060206415561197	2.2150743461679667e-9	4.942194209434092e-9
0.18	-5.656946654389458	-7.0615344818597805	6.022219167789444e-9	9.75114744505845e-9
0.19	-5.766343232890506	-7.060229356826767	1.4786508018005406e-8	1.6440480976598337e-8
0.2	-5.8764649082207825	-7.056331735764388	3.5192613268009154e-8	3.089189704041928e-8
0.21	-5.98719056531985	-7.049795883458728	7.233160204123124e-8	5.348238119040616e-8
0.22	-6.0984872794451235	-7.040614884707111	1.4490677813228103e-7	9.1176048044872e-8
0.23	-6.210220710015221	-7.028744679624083	2.782130650302861e-7	1.5047896795294946e-7
0.24	-6.322356282776298	-7.014189095053666	5.179902586860408e-7	2.3416100702888798e-7
0.25	-6.434795932876455	-6.9969394358382715	9.351775815957808e-7	3.5199980175093515e-7
0.26	-6.547473419686526	-6.976970643855225	1.6374642655136995e-6	4.975714773536311e-7
0.27	-6.660291506403894	-6.9543542743047055	2.8019004503221367e-6	6.624234174523735e-7
0.28	-6.773172776337731	-6.929064545999722	4.684251052822219e-6	8.127321962092537e-7
0.29	-6.886086316692001	-6.90115818813706	7.664742554425175e-6	8.656874115331448e-7
0.3	-6.998913695773581	-6.870681112615216	0.000012304584799949225	6.745580094502657e-7
0.31	-7.111624973208137	-6.837631635054777	0.000019394173278897142	-2.501417384337401e-8
0.32	-7.224147814163899	-6.802127830528548	0.000030057727343546503	-1.6796656154838274e-6
0.33	-7.336434726182802	-6.764218237966929	0.00004586287920460563	-5.0135693072661525e-6
0.34	-7.448421966276641	-6.723974390765534	0.00006896333911754482	-0.000011167697266500909
0.35	-7.560098529541108	-6.68153652510307	0.00010230254244447679	-0.00002187907898587582
0.36	-7.6714289613464075	-6.636955581641018	0.00014984434614007114	-0.00003977091216711415
0.37	-7.782400879051181	-6.590396552396214	0.00021688097635319536	-0.00006869899755201914
0.38	-7.893007290647375	-6.541971527595138	0.00031043111223993947	-0.00011426540061165724
0.39	-8.003264770998697	-6.491822200928027	0.00043972041441975307	-0.00018448728008024773
0.4	-8.113191424135636	-6.440141568035983	0.0006167772038168096	-0.0002906977076690964
0.41	-8.222844661344794	-6.387087517704117	0.0008572029638287404	-0.00044875015248635464
0.42	-8.332271831748159	-6.332846274196243	0.0011810923166990506	-0.0006805906214708557
0.43	-8.441565264257576	-6.277643732103286	0.001614203012508142	-0.0010163398645204325
0.44	-8.550819509220318	-6.2216859391743355	0.002189374025576285	-0.0014969983985224644
0.45	-8.660200032834041	-6.165222984108482	0.0029483077166361227	-0.0021779697789838792
0.46	-8.769726228747572	-6.108552247647822	0.003943756667155185	-0.0031336102233581187
0.47	-8.879688715621143	-6.051920072630196	0.005242232145334924	-0.004463114444263283
0.48	-8.990242090505063	-5.995643175113628	0.006927382049426001	-0.006298052082001959
0.49	-9.101598802007757	-5.9400730565770345	0.009104163252189323	-0.00881206670408119
0.5	-9.21398621025422	-5.885553079750878	0.011904071572899966	-0.012233226900377758
0.51	-9.327659020665678	-5.832499472414554	0.015491681483226216	-0.01685983642289557
0.52	-9.442889659608198	-5.781341223028221	0.020072854862533518	-0.023080496848137955
0.53	-9.559954391904455	-5.732551455198632	0.025905096837533392	-0.031399675743841726
0.54	-9.679177099612758	-5.686667356229918	0.03331069228318029	-0.04247009101572985
0.55	-9.80078886248532	-5.644307706795132	0.04269343513090007	-0.057133783638903424
0.56	-9.925062507753239	-5.60615080096477	0.054559982798281226	-0.07647413067923026
0.57	-10.052283418375936	-5.572948032246472	0.06954733116194234	-0.10188167442100848
0.58	-10.182636195873613	-5.545603962608993	0.08845827107725768	-0.135137251545018
0.59	-10.316237391937449	-5.525146688115171	0.11230737996233131	-0.1785171099182321
0.6	-10.453116932087198	-5.512818659586344	0.1423808779547926	-0.2349257717712021
0.61	-10.593164259856806	-5.510052330551503	0.18031482645635322	-0.30806364762463545
0.62	-10.736069436050371	-5.518597804215858	0.22819794298794704	-0.4026389444233587
0.63	-10.881275816684678	-5.540554509710887	0.28870689148328665	-0.5246351288804192
0.64	-11.027906760298833	-5.578482694909923	0.36528514062942463	-0.6816490656944154
0.65	-11.174608194378067	-5.635562104931296	0.4623807432184037	-0.8833177908730079
0.66	-11.31951273781911	-5.715659592484769	0.5857617040043408	-1.141859089385946
0.67	-11.460018928780102	-5.823648760059797	0.7429384076059762	-1.4727543188053005
0.68	-11.592531121356558	-5.965656251740967	0.9437296615952846	-1.8956124302412434
0.69	-11.712305196283381	-6.1493351815975075	1.2010206478817054	-2.435266318101725
0.7	-11.81298269896044	-6.384441550191241	1.531789168106144	-3.1231598374818077
0.71	-11.886152649739785	-6.683380892198102	1.9584912037695972	-3.9991070387998207
0.72	-11.920771511024014	-7.0620592639760105	2.510940315608991	-5.1135310859289405
0.73	-11.902295444076032	-7.540907945037446	3.2288712364671426	-6.530300306837717
0.74	-11.811587253156347	-8.146324739444339	4.165442033320346	-8.330340669875824
0.75	-11.623427279818742	-8.912587670197752	5.392043970471747	-10.616230246680871