0.	-1.188410010744299	-2.3361231035541072	0.	0.
0.01	-1.298665331590117	-2.3294147657940716	-6.661338147750939e-16	-2.6645352591003757e-15
0.02	-1.4086507460644893	-2.315252890944705	1.9984014443252818e-15	4.440892098500626e-16
0.03	-1.5178481489669324	-2.293619801953374	-3.1086244689504383e-15	-1.3766765505351941e-14
0.04	-1.6257381675020028	-2.2645323233214985	-1.1102230246251565e-15	-1.687538997430238e-14
0.05	-1.7318016626188448	-2.228045197988964	-3.552713678800501e-15	-2.4424906541753444e-14
0.06	-1.83552371615349	-2.18424699244161	2.6645352591003757e-15	-3.863576125695545e-14
0.07	-1.936395210383586	-2.133259039296069	-5.995204332975845e-15	1.687538997430238e-14
0.08	-2.0339152589552674	-2.075238590774612	5.773159728050814e-15	-2.4424906541753444e-14
0.09	-2.1275939223223097	-2.01037685224323	4.440892098500626e-15	6.039613253960852e-14
0.1	-2.216954063179062	-1.9388973292684275	2.3092638912203256e-14	-8.215650382226158e-15
0.11	-2.301532021770958	-1.861053761012942	-1.7763568394002505e-14	-7.993605777301127e-15
0.12	-2.3808836243226565	-1.7771337555267248	-2.886579864025407e-14	-1.2212453270876722e-14
0.13	-2.454582353730464	-1.687453325759898	-8.881784197001252e-15	-4.0190073491430667e-14
0.14	-2.5222240632249204	-1.5923579022266912	8.43769498715119e-15	-9.681144774731365e-14
0.15	-2.583425145095937	-1.4922193905515282	1.438849039914203e-13	-4.960476474025199e-13
0.16	-2.6378307249574138	-1.3874368609545564	4.911626660941693e-13	-1.6406875857910563e-12
0.17	-2.685110648645759	-1.2784333829843308	1.1786127629420662e-12	-5.122346991015547e-12
0.18	-2.724964732784901	-1.1656547775435402	3.1956659540810506e-12	-1.4635403999818664e-11
0.19	-2.757120282151084	-1.0495686881238788	7.582379168979969e-12	-3.9463543544115964e-11
0.2	-2.78134022005002	-0.9306608859300877	1.7545076502756274e-11	-1.0108192061153431e-10
0.21	-2.7974187226753213	-0.8094352582583826	3.803313219918891e-11	-2.4731006131872846e-10
0.22	-2.8051857124841346	-0.6864101658058724	7.899458864812914e-11	-5.805683711557208e-10
0.23	-2.8045049373930167	-0.5621183693569278	1.5614265436170172e-10	-1.3130888598666957e-9
0.24	-2.7952809222315818	-0.4371046445252065	2.9410873736424037e-10	-2.869125603766065e-9
0.25	-2.777453430100462	-0.31191809104961765	5.27721422116656e-10	-6.075927538873316e-9
0.26	-2.751002875218346	-0.1871169792880163	8.999596623482375e-10	-1.2500529278369754e-8
0.27	-2.715948400862532	-0.06326490934994533	1.4494352384986087e-9	-2.5042430573662955e-8
0.28	-2.6723535318454568	0.05907467067140093	2.1805734995439252e-9	-4.894692962054137e-8
0.29	-2.6203177235518824	0.17934082592387335	2.9917002208890153e-9	-9.350730634238857e-8
0.3	-2.559985827105532	0.2969743934876501	3.533055625837278e-9	-1.748841771398446e-7
0.31	-2.4915431460824364	0.4114239224602827	2.9430577974665084e-9	-3.2067931876600397e-7
0.32	-2.415219190343782	0.5221448499339677	-6.220077786167622e-10	-5.77277229685258e-7
0.33	-2.3312830104451154	0.6286071421504779	-1.0788978599407528e-8	-1.021447537885578e-6
0.34	-2.2400473316027645	0.7302939722261924	-3.4279858951435926e-8	-1.7784666459519372e-6
0.35	-2.1418651854491877	0.8267062618818534	-8.299947884538028e-8	-3.0500891251561413e-6
0.36	-2.037133314452009	0.9173638894402041	-1.7725993872730328e-7	-5.157269997280167e-6
0.37	-1.9262873523574855	1.0018136971022096	-3.5061545555770124e-7	-8.604767467446095e-6
0.38	-1.8098015033080297	1.079622786005518	-6.569430150982214e-7	-0.000014177948552518416
0.39	-1.688190287004396	1.1503905766459641	-1.1804796562486786e-6	-0.000023086590992704714
0.4	-1.5620042336775866	1.2137462412704432	-2.0496763006860874e-6	-0.00003717684101012253
0.41	-1.431832142544187	1.2693540697687964	-3.455649485006873e-6	-0.00005924131534973398
0.42	-1.2982927098441044	1.3169164252656689	-5.675717388076151e-6	-0.00009346969306389674
0.43	-1.1620402327554125	1.3561708845675795	-9.101994947746661e-6	-0.0001460993615416406
0.44	-1.023756591838954	1.3869002939944546	-0.000014273129950170826	-0.00022634920346997767
0.45	-0.8841508174911109	1.4089303418296169	-0.000021904948498963073	-0.00034775273574072507
0.46	-0.7439561461807822	1.422135090064773	-0.000032910609701342075	-0.0005300511938635122
0.47	-0.6039220392556746	1.42643540190424	-0.00004839191304784052	-0.0008018701014445018
0.48	-0.4648186201334301	1.4218033605868767	-0.00006957200431439992	-0.0012044857084083649
0.49	-0.3274223310202978	1.4082637797782283	-0.00009761290140153367	-0.0017971049848466425
0.5	-0.19251526585162226	1.3858958375532828	-0.0001332324647326799	-0.0026642396382463573
0.51	-0.06087309811974573	1.3548325881481142	-0.00017597422491577586	-0.003925969467747592
0.52	0.06673883214381071	1.3152641348786458	-0.00022290531576840689	-0.00575218413106704
0.53	0.18957861638667994	1.2674396295691932	-0.00026638614642238156	-0.008382285818269608
0.54	0.30694361781161633	1.2116640710948077	-0.00029034940164779366	-0.012152386267339388
0.55	0.41818554363868116	1.148302717064705	-0.0002642517474508721	-0.01753275076821703
0.56	0.5227321828740313	1.0777765575621818	-0.00013337755659659223	-0.02517926147763605
0.57	0.6201157639583519	1.0005721276311497	0.0001964461407335527	-0.03600398148148454
0.58	0.7100058311553835	0.9172343171533928	0.0008827592372967485	-0.05127183922151812
0.59	0.7922539408769719	0.8283731930503656	0.0021834547333589027	-0.07273281475065518
0.6	0.8669497213318985	0.7346674178026094	0.004513634935978783	-0.10280252000849832
0.61	0.9344880077434865	0.6368692320535873	0.00853252292830775	-0.14480868423784587
0.62	0.9956661152462284	0.5358151462572096	0.015275664010981349	-0.20332702303086947
0.63	1.0517914733839373	0.4324358322444184	0.026355382506361158	-0.2846391399010946
0.64	1.1048324310533917	0.32777028580356765	0.04426405178158643	-0.39735560029798916
0.65	1.1576028921383414	0.2229832698125891	0.07283183343863908	-0.5532637298596683
0.66	1.2140101749690653	0.11936960546967457	0.11791849459872261	-0.7684794491654786
0.67	1.2793670320351418	0.01835606596552919	0.1884560724236124	-1.0650111906522874
0.68	1.3608150770477847	-0.07853880929381785	0.2980254466461889	-1.4728785264755833
0.69	1.467901013447023	-0.16980755035675477	0.46723933167942944	-2.0329748991158727
0.7	1.613380997195463	-0.25417695003425156	0.7273567636655709	-2.800922128871772
0.71	1.814404617679633	-0.33104624256922455	1.1257678964808393	-3.852228939043414
0.72	2.0943033890162366	-0.40126286582817106	1.7343478639369634	-5.289132456635542
0.73	2.4854090139903824	-0.46843870140484767	2.6622092040826986	-7.249557329489418
0.74	3.033606297513087	-0.5410559639449641	4.0752039236079565	-9.918603250082485
0.75	3.805866111125571	-0.6356372581663172	6.225822581296409	-13.542820277582184
0.76	4.902836953463248	-0.7811964931660675	9.499047227718023	-18.446947021973756
0.77	6.479981760696731	-1.0247829757331584	14.482680846336974	-25.0516548473161
0.78	8.782932634597735	-1.4370085470781953	22.074920305187092	-33.888088111565686
0.79	12.206028792358893	-2.1140332382518148	33.64818561663106	-45.599664092829315
0.8	17.387704018783857	-3.1677387137708193	51.29637855600877	-60.91171221184658
0.81	25.362338702993004	-4.68610925645744	78.20314225832962	-80.53039357114767
0.82	37.794505560940756	-6.62811659975643	119.17921937669988	-104.89941781907837
0.83	57.32510225893883	-8.586153548076812	181.4225359961111	-133.6856857809301
0.84	88.05249718455129	-9.29724795903521	275.5438976009693	-164.77053987582283
0.85	136.14113722529333	-5.704891842601384	416.8471919809259	-192.37562295459566
0.86	210.4720364159343	8.740483341745588	626.7142128185769	-203.7323250329511
0.87	323.0857279361791	46.997405515704514	933.6310848236872	-173.4047681706004
0.88	488.8810144644727	133.18258109504313	1372.7889667149468	-54.00066325898729
0.89	723.5829475424837	309.9303474200178	1982.0803508868537	238.40765541772043
0.9	1038.3945880423403	649.33320870785	2790.378473661162	846.2175262058199
0.91	1429.0615005466925	1268.9534471492693	3790.6054721664714	2002.0264569548935
0.92	1856.4356425249225	2356.3488439445478	4883.835609092274	4073.2099768301896
0.93	2214.8990891426856	4212.727577017872	5767.46150343984	7624.5089262565225
0.94	2282.8232695245997	7351.546748457902	5707.559023108984	13511.559142698832
0.95	1637.4722822680988	12779.43352814056	3037.554738811922	23046.66319773926