0.	-3.505564778295593	-6.3827006519154565	0.	0.
0.01	-3.426036000464592	-6.3531679338721005	-9.094947017729282e-13	1.7280399333685637e-11
0.02	-3.3481097591920843	-6.323040474953814	6.366462912410498e-12	5.4569682106375694e-11
0.03	-3.2714962227037176	-6.291909889722774	-1.8189894035458565e-12	6.775735528208315e-11
0.04	-3.195981526907417	-6.259272886385588	1.2732925824820995e-11	1.8144419300369918e-10
0.05	-3.121734469735202	-6.2256903366906045	-1.6370904631912708e-10	1.8962964531965554e-10
0.06	-3.0490774953577784	-6.190761594350079	2.4556356947869062e-11	2.2282620193436742e-11
0.07	-2.9774054098670604	-6.155195235234714	-6.366462912410498e-11	2.544311428209767e-10
0.08	-2.907336312739062	-6.11823160691165	-1.2460077414289117e-10	1.1323209037072957e-10
0.09	-2.838335103627287	-6.080260176239335	-1.8553691916167736e-10	1.0913936421275139e-10
0.1	-2.7708428425657985	-6.041583334172401	-6.366462912410498e-11	2.758042683126405e-10
0.11	-2.704410976625695	-6.002439765656732	-1.382431946694851e-10	2.7978330763289705e-10
0.12	-2.6395259418250134	-5.962109837713115	-2.510205376893282e-10	3.849436325253919e-10
0.13	-2.5758211355314415	-5.921127614568604	-2.6921043172478676e-10	5.402398528531194e-10
0.14	-2.5129575773926263	-5.87964965211313	4.993125912733376e-10	3.3242031349800527e-10
0.15	-2.4519115019747915	-5.837232652194871	1.228727342095226e-9	8.981260180007666e-10
0.16	-2.391756848669502	-5.794642308773746	2.6175257517024875e-9	1.5638761396985501e-9
0.17	-2.332479063622486	-5.751624934585607	6.105437933001667e-9	3.9599399315193295e-9
0.18	-2.274792900147986	-5.707880548236744	1.2457348930183798e-8	1.0192479749093764e-8
0.19	-2.2178481813716644	-5.663500971716076	2.3595021048095077e-8	2.2563426682609133e-8
0.2	-2.1621170394109868	-5.618969531830089	4.2385181586723775e-8	4.919320417684503e-8
0.21	-2.1072162860009485	-5.574245510897754	7.329708751058206e-8	1.013681867334526e-7
0.22	-2.053846641763812	-5.528814981085816	1.1816882761195302e-7	1.9793628780462313e-7
0.23	-2.000944337436522	-5.483217484938223	1.8028549675364047e-7	3.722423116414575e-7
0.24	-1.948926997549279	-5.437593529434025	2.583810783107765e-7	6.732707333867438e-7
0.25	-1.8983889420469495	-5.39132197865797	3.4365803003311157e-7	1.1772433481382905e-6
0.26	-1.8485161361049904	-5.345064832707749	4.125922714592889e-7	1.9979838725703303e-6
0.27	-1.7990237164904102	-5.298466430675035	4.1482462620479055e-7	3.294162524980493e-6
0.28	-1.7510492232459	-5.251721318013324	2.5910776457749307e-7	5.292677769830334e-6
0.29	-1.7032958682175376	-5.204583626765725	-2.113438313244842e-7	8.301864909299184e-6
0.3	-1.6567768838067423	-5.157236977450793	-1.2518453331722412e-6	0.000012734852589346701
0.31	-1.6108231963221442	-5.109849237621802	-3.257556727476185e-6	0.000019131698081764625
0.32	-1.5654109622551005	-5.06251607020431	-6.823998319305247e-6	0.000028186541840113932
0.33	-1.5207294567253484	-5.014697885651913	-0.000012821416021324694	0.000040771863041300094
0.34	-1.4770570325217705	-4.9668603040931885	-0.000022491423806059174	0.00005796441246275208
0.35	-1.4332887255977766	-4.918627290801851	-0.000037567665458482224	0.00008106612585834228
0.36	-1.3905800671518591	-4.87002277719148	-0.0000604272108830628	0.00011161857219121885
0.37	-1.3487995252880864	-4.821479683891994	-0.00009427289842278697	0.00015140953610170982
0.38	-1.307259875076852	-4.772778147196277	-0.00014335498917716905	0.00020246486474206904
0.39	-1.2660940942537309	-4.723857502332066	-0.00021323547025531298	0.0002670193243829999
0.4	-1.2258497849675223	-4.674612429184435	-0.0003110990792265511	0.00034746399705909425
0.41	-1.185902202368652	-4.624969308526488	-0.00044611938574234955	0.00044626077033171896
0.42	-1.1467316401808603	-4.575371682281002	-0.0006298797738963913	0.0005658151903844555
0.43	-1.1082058397300898	-4.525490176782569	-0.0008768575662543299	0.0007083031573529297
0.44	-1.0700474721083992	-4.475158198951249	-0.0012049756664964661	0.0008754301084081817
0.45	-1.032598120840703	-4.424708373929207	-0.0016362281003239332	0.0010681262856451212
0.46	-0.9958516579058596	-4.373616811748434	-0.0021973765706206905	0.0012861547893407987
0.47	-0.9595908152193715	-4.322702819421011	-0.0029207331224370137	0.0015276180374712567
0.48	-0.9239756086865327	-4.271124245665305	-0.0038450194379038294	0.0017883630789583549
0.49	-0.8891179614133762	-4.219393150294309	-0.005016315643842972	0.0020612402477127034
0.5	-0.8551528420548493	-4.167194639271202	-0.0064891000990883185	0.0023352329494628066
0.51	-0.8218412456649276	-4.115095632002522	-0.008327386662131175	0.002594411856989609
0.52	-0.7899822769309139	-4.062367275409088	-0.010605920813986813	0.0028167115201540582
0.53	-0.758833411182195	-4.009182502611566	-0.013411526140089336	0.0029724929790972965
0.54	-0.7289394315812388	-3.956284158583003	-0.016844495988607378	0.00302288395459982
0.55	-0.7004945342437168	-3.9027283315913337	-0.021020074686248336	0.0029178698059695307
0.56	-0.6731621924097908	-3.848921880157377	-0.02607009401299365	0.002594115027022781
0.57	-0.6475560092185333	-3.7955214327366775	-0.0321446302593813	0.001972451409983478
0.58	-0.6241234100714337	-3.7420609540736223	-0.039413768111216996	0.0009550981217216759
0.59	-0.6027782259523065	-3.6887404614035404	-0.04806945331370116	-0.0005775562076451024
0.6	-0.5834739484380407	-3.635806806931214	-0.0583274406876626	-0.002770523749404674
0.61	-0.5670781932603859	-3.583518675823143	-0.07042932096464938	-0.005798140436581889
0.62	-0.5538309999058129	-3.5317640287203176	-0.08464448395011459	-0.009868528375591268
0.63	-0.5436544540976911	-3.4811184569839497	-0.10127253474536246	-0.015228553007545997
0.64	-0.5374373586143975	-3.431357446932452	-0.12064499320206323	-0.022169368557115376
0.65	-0.5353870344739562	-3.3842062838853053	-0.14312829269704253	-0.031032120019517606
0.66	-0.5384185053061401	-3.338422243684363	-0.1691250697549549	-0.04221484271056397
0.67	-0.5470772487037721	-3.2959819531047287	-0.19907768903613032	-0.05617966558293119
0.68	-0.5608406405976893	-3.256208379790678	-0.2334692428261178	-0.07346078323143956
0.69	-0.5821675011037541	-3.2210740249697665	-0.2728272426317062	-0.09467290687234708
0.7	-0.6110965815838654	-3.1904608337304126	-0.31772443935631145	-0.12052079140039496
0.71	-0.6480103811721847	-3.1657473636782925	-0.36878309148971766	-0.15181039873050395
0.72	-0.6943780519706024	-3.147242133134114	-0.42667505806377903	-0.18945855622814634
0.73	-0.7513929325156141	-3.13770648199079	-0.4921256074419489	-0.23450587694469505
0.74	-0.8195754232588115	-3.137356446236481	-0.5659156352427317	-0.28813034568656803
0.75	-0.9007148648918815	-3.1482221696733177	-0.648882757805552	-0.35166094866053754