0.	-1.188410905581134	-2.336121440544309	0.	0.
0.01	-1.1879467344507795	-2.3354735454214035	0.	0.
0.02	-1.1865544152607872	-2.333529632340989	0.	0.
0.03	-1.184235181721069	-2.3302921833446515	0.	0.
0.04	-1.1809909873881625	-2.325764806227473	0.	0.
0.05	-1.176824567769808	-2.319952562391493	0.	0.
0.06	-1.1717394270817763	-2.312861962630741	0.	0.
0.07	-1.1657398502152443	-2.3045009841204074	0.	0.
0.08	-1.1588308916197756	-2.2948790812130624	0.	0.
0.09	-1.151018374891962	-2.284007183627362	0.	0.
0.1	-1.1423088841787878	-2.271897721067462	0.	0.
0.11	-1.1327097673481963	-2.258564638938855	0.	0.
0.12	-1.1222291269103994	-2.2440233976080037	0.	0.
0.13	-1.1108758099557106	-2.22829101151613	-4.440892098500626e-16	8.881784197001252e-16
0.14	-1.0986594031529742	-2.211386065872064	8.881784197001252e-16	-8.881784197001252e-16
0.15	-1.0855902347831994	-2.1933287227650737	4.440892098500626e-16	8.881784197001252e-16
0.16	-1.0716793599565446	-2.17414077151509	2.220446049250313e-16	-7.105427357601002e-15
0.17	-1.0569385472735826	-2.1538456335845786	-4.440892098500626e-15	-2.398081733190338e-14
0.18	-1.0413802779073749	-2.1324684056261183	-1.532107773982716e-14	-7.149836278586008e-14
0.19	-1.0250177435208205	-2.110035883248801	-3.241851231905457e-14	-1.816324868286756e-13
0.2	-1.0078648108743429	-2.0865766018757084	-8.637535131583718e-14	-4.583000645652646e-13
0.21	-0.9899360422602052	-2.0621208711370462	-1.9817480989559044e-13	-1.1035616864774056e-12
0.22	-0.9712466621684477	-2.0367008153874515	-4.4875214655348827e-13	-2.55218068900831e-12
0.23	-0.9518125548571441	-2.0103504194832045	-9.797718192317006e-13	-5.666578317686799e-12
0.24	-0.9316502313260814	-1.9831055402142592	-2.0612400675190656e-12	-1.2174261598829617e-11
0.25	-0.910776891397637	-1.9550040785945328	-4.203970505045618e-12	-2.5337509867995323e-11
0.26	-0.8892102968692228	-1.9260858588914225	-8.309575250109447e-12	-5.1242565746179025e-11
0.27	-0.8669688356554988	-1.8963927969716163	-1.597377785600429e-11	-1.0089573621030468e-10
0.28	-0.8440714816147986	-1.8659689464022016	-2.9903968190581054e-11	-1.937914273497654e-10
0.29	-0.820537781796597	-1.8348605486508915	-5.46069856000031e-11	-3.6372660439099036e-10
0.3	-0.7963878358619988	-1.8031161166893694	-9.742895379361016e-11	-6.681464270741344e-10
0.31	-0.7716422907008521	-1.7707865056250944	-1.7003343177890429e-10	-1.202906219077704e-9
0.32	-0.7463223068571474	-1.7379250014968894	-2.905965468258387e-10	-2.125229769944781e-9
0.33	-0.7204495458257949	-1.7045873993026612	-4.868133673952002e-10	-3.688868766005271e-9
0.34	-0.6940461494656622	-1.6708321114501947	-8.000419216003252e-10	-6.29720764422359e-9
0.35	-0.6671347218969537	-1.6367202620110461	-1.2907711566256808e-9	-1.0582419829319178e-8
0.36	-0.6397383005376962	-1.6023157972321236	-2.0455956928344676e-9	-1.752199607629734e-8
0.37	-0.6118803314996302	-1.5676856106914183	-3.185835928398717e-9	-2.860826953110518e-8
0.38	-0.583584657714832	-1.532899661906928	-4.877522608026652e-9	-4.6092356598137485e-8
0.39	-0.5548754769192613	-1.4980311273723645	-7.34217986408936e-9	-7.333142892917976e-8
0.4	-0.5257773231845859	-1.4631565345199293	-1.0866951116739187e-8	-1.152782298508015e-7
0.41	-0.4963150333653239	-1.4283559391319993	-1.5811462472647975e-8	-1.791644927973124e-7
0.42	-0.4665137175412135	-1.3937130887941478	-2.260688569677427e-8	-2.7544644987109734e-7
0.43	-0.43639872708598426	-1.3593156192437783	-3.173990270610716e-8	-4.19101645166009e-7
0.44	-0.40599561503560255	-1.3252552582335677	-4.3710145170017256e-8	-6.313928153645065e-7
0.45	-0.37533010453487803	-1.291628046628996	-5.894390492366952e-8	-9.422480822252055e-7
0.46	-0.34442803908716824	-1.2585345870279576	-7.763859560805386e-8	-1.3934482432365058e-6
0.47	-0.3133153484095057	-1.226080302716218	-9.950116203194526e-8	-2.0428636591240945e-6
0.48	-0.2820179951731129	-1.1943757299930615	-1.233279945389576e-7	-2.9700465145054977e-6
0.49	-0.2505619239534717	-1.1635368334604366	-1.4635291262221628e-7	-4.2835617775072166e-6
0.5	-0.21897274646074272	-1.1336853473288002	-1.6326134177901963e-7	-6.130534074610949e-6
0.51	-0.18727673040382842	-1.1049491856722278	-1.6473378544601402e-7	-8.709000915763099e-6
0.52	-0.15549914632838407	-1.0774627642862726	-1.35326889194598e-7	-0.000012283798109358202
0.53	-0.12366525457915756	-1.0513675446129707	-5.04468588569118e-8	-0.00001720686442974184
0.54	-0.09179995820255615	-1.026812498214004	1.2792083858848002e-7	-0.00002394304242026024
0.55	-0.05992771247632134	-1.0039546525915548	4.571601104341738e-7	-0.000033102675241813984
0.56	-0.028072399449250163	-0.9829597373887966	1.0222190561237632e-6	-0.00004548255868697115
0.57	0.003742679790205816	-0.9640026782589441	1.9467863479061265e-6	-0.00006211710616677024
0.58	0.035495092018856866	-0.9472685633156654	3.4083879432156294e-6	-0.00008434193011663815
0.59	0.06716329578401864	-0.9329534748633904	5.658602815872271e-6	-0.00011387243645966105
0.6	0.09872682866687238	-0.9212646840170826	9.049917340075986e-6	-0.0001529004185284455
0.61	0.13016650705127614	-0.9124227121196893	0.000014071109356972311	-0.00020421227354483484
0.62	0.16146462954230006	-0.9066613690628111	0.000021393547615711217	-0.00027133275669288803
0.63	0.19260506908071495	-0.9042304036552887	0.000031931306783417046	-0.00035869904964125343
0.64	0.2235736549336863	-0.9053948912663689	0.000046918791044070485	-0.0004718702787871454
0.65	0.25435839313464415	-0.9104381693792578	0.00006801017518875963	-0.0006177785655137047
0.66	0.28494967661190074	-0.919662370171952	0.00009740616105979871	-0.0008050279464132393
0.67	0.31534083209925695	-0.9333911838640173	0.00013801438628985307	-0.0010442489053734683
0.68	0.34552822457378674	-0.9519713445371676	0.0001936513405066398	-0.0013485158748636206
0.69	0.37551152854941294	-0.9757748436225826	0.0002692948775926962	-0.00173383659659887
0.7	0.4052949024290025	-1.005201157971975	0.00037139888030218726	-0.002219722203314678
0.71	0.434886609264068	-1.0406802898386691	0.0005082813038953526	-0.0028298472893246718
0.72	0.4642984160280839	-1.0826759329125741	0.0006906017257347075	-0.0035928089180341516
0.73	0.49354897464770553	-1.131687634891542	0.0009319464350515672	-0.00454299421817117
0.74	0.522661188794104	-1.188255929416146	0.001249536240038096	-0.005721563738608104
0.75	0.5516646023266447	-1.252966294738505	0.0016650847762047505	-0.0071775592468854565
0.76	0.5805944702360452	-1.3264537915751915	0.0022058247363877515	-0.008969136573851788
0.77	0.6094910255228646	-1.409407688624511	0.002905733199125682	-0.011164927032588201
0.78	0.6384029055259519	-1.5025796885491005	0.0038069832928713243	-0.013845527409700686
0.79	0.667383588950636	-1.606791272128231	0.00496164255716669	-0.017105101998999395
0.8	0.6964923384437636	-1.7229416574315035	0.006433655650050385	-0.021053076197638187
0.81	0.7257953819201209	-1.852018720159702	0.008301131404110373	-0.0258159052205722
0.82	0.7553629790034042	-1.995115365814743	0.010658932374376096	-0.031538861462431456
0.83	0.785274328284064	-2.153440758375839	0.013621614679160787	-0.038387769486049717
0.84	0.8156144673554784	-2.3283479342519473	0.01732661738063035	-0.04655063817548255
0.85	0.8464856242468608	-2.521354331640528	0.021937748455717054	-0.05623902586711349
0.86	0.8780115305778095	-2.7341766450468494	0.027648724337713593	-0.06768902094712059
0.87	0.9103623280733688	-2.9687697329030485	0.03468663527989024	-0.08116167236870053
0.88	0.9437885721241122	-3.2273719095232836	0.043314876237029454	-0.09694263595397912
0.89	0.9786852197151414	-3.5125552219049614	0.05383492259925382	-0.1153409815766584
0.9	1.0156909121237274	-3.8272564662296684	0.066585831470382	-0.13668703999897414
0.91	1.0558425020577031	-4.174781277418604	0.0819399548558144	-0.16133020467033
0.92	1.1007755080876678	-4.558705283081101	0.10029277215572519	-0.18963839783262415
0.93	1.1529170810210436	-4.982601124990941	0.12204550191161467	-0.22200374669146683
0.94	1.215498268489379	-5.449527826960213	0.14758300759471088	-0.2588622154717992
0.95	1.292054122787527	-5.961437764606421	0.17725910758842645	-0.30073323608680713