0.	1.0311058474254584	1.7767004110528717	0.	0.
0.01	1.0460168060336508	1.7859964196190605	-2.88997714648076e-11	2.3234303370145426e-11
0.02	1.0608736732644037	1.7938305740313778	-5.701394911739044e-11	1.6441736860883793e-11
0.03	1.0757515548483578	1.800342269839845	-7.05431268954726e-11	2.3954838113127153e-11
0.04	1.0907412518173516	1.805658818296963	-4.246958340559104e-11	9.210654461355716e-11
0.05	1.1057183494860543	1.8097703428218124	-6.925526818690741e-11	6.821165854375977e-11
0.06	1.1207689600293362	1.8124726489280563	-7.307066063333423e-11	8.353095992674753e-12
0.07	1.1357767212886383	1.8139938618726739	-1.3220091688026514e-10	5.939315705916215e-11
0.08	1.1507651091196738	1.8140366578920712	-2.8880675628784047e-10	-4.129185882106867e-11
0.09	1.1656842911534209	1.8126355316782372	9.562683978003861e-11	6.84434731113015e-11
0.1	1.1804552146629606	1.8098050112041941	4.574118861455645e-11	2.2949708800013013e-10
0.11	1.1951798571227197	1.8054767730393397	-1.3837242462955146e-10	-3.228883826977835e-11
0.12	1.209711869639319	1.799654721855025	-2.5245650014937837e-10	5.968203709016962e-11
0.13	1.2240651171027022	1.7922570570442806	-3.8036152005815893e-10	2.848550284539897e-10
0.14	1.2382234122394316	1.7831881465129231	-3.4885916377902504e-10	8.405851570358891e-10
0.15	1.2520680081067357	1.772459681654925	-9.162033354215282e-10	1.4558225736038821e-9
0.16	1.2655084176279616	1.7600594056412129	-1.6978898287334232e-9	4.102888029322571e-9
0.17	1.27869949906417	1.7459198572106567	-2.821742839387298e-9	9.069656359272926e-9
0.18	1.2914923766917474	1.7299749237830624	-5.05313546561581e-9	1.963424134387992e-8
0.19	1.303739617563601	1.7121757139910654	-7.8292159422233e-9	4.0264865663885985e-8
0.2	1.3155471651400563	1.6925855740291698	-1.2063438026288509e-8	7.940271884443462e-8
0.21	1.3267615865099047	1.6710398413190148	-1.6516620293671735e-8	1.5060689628754176e-7
0.22	1.3373629506947284	1.6475980847955134	-1.9076331847500683e-8	2.7655468248788395e-7
0.23	1.3473141117590068	1.6221595467461474	-1.5774052730677113e-8	4.918572236167762e-7
0.24	1.3565450794792717	1.5946404194767032	1.074990985117097e-9	8.512155786899456e-7
0.25	1.3648898542732941	1.565104385778057	4.821614618677472e-8	1.4354369446412107e-6
0.26	1.372463407355256	1.5334529749629917	1.4951208071600774e-7	2.3642436079995832e-6
0.27	1.3789573015845158	1.4996844355392043	3.439573454944167e-7	3.8110721600759234e-6
0.28	1.3845842941323765	1.4636999106992543	6.914296433180311e-7	6.0231493332896235e-6
0.29	1.388981996583965	1.4255562067664362	1.2808989693358086e-6	9.346872492210778e-6
0.3	1.3923016635948153	1.3850993430353709	2.2336265308453562e-6	0.000014263321924445904
0.31	1.3943748250956411	1.3424112199039546	3.7187695123286346e-6	0.00002143569802881551
0.32	1.3950173415241773	1.2974201906342273	5.9609791034365145e-6	0.00003176319820630269
0.33	1.3942430269028019	1.250059895939354	9.24229527687892e-6	0.00004646129524599196
0.34	1.3919739051215927	1.2003491742327612	0.000013919693115704845	0.00006716024893238526
0.35	1.3880410086825807	1.1482059693988111	0.00002040973567973836	0.00009602965642097061
0.36	1.3823792791961234	1.0936584121554407	0.000029189701645115917	0.00013594829981622425
0.37	1.3748737520119785	1.0366614628427793	0.000040761682344125916	0.00019071622346555905
0.38	1.3653751361839044	0.9771639694304635	0.00005560394467662988	0.0002653312566961441
0.39	1.353775299783349	0.9152329365447525	0.00007408877832393301	0.0003663467581151991
0.4	1.339983704451575	0.8507783176266124	0.00009634212895459626	0.0005023320751179616
0.41	1.3238312989202492	0.7838057532946847	0.00012205079878069292	0.0006844656583974151
0.42	1.3051852192020819	0.7143384336669915	0.0001501675269210967	0.0009272955577953601
0.43	1.283828566236762	0.6423226960188875	0.00017850889925097313	0.0012497177262640324
0.44	1.2596862938203703	0.5677991922120564	0.00020318711875222384	0.001676224048631214
0.45	1.232516906948491	0.4907977855144878	0.00021784567423233092	0.0022384961274452553
0.46	1.2020592025618073	0.41132516309465184	0.00021262396090815372	0.0029774275601628375
0.47	1.1681513675269506	0.32939571099725945	0.0001727906136508306	0.0039456983564915005
0.48	1.1305259820699634	0.2450691678712294	0.00007693939735520239	0.005211021834714891
0.49	1.088883741542759	0.15842360707333702	-0.00010536282167117328	0.006860241390148347
0.5	1.0428682476050675	0.06953181003113079	-0.00041662961562027867	0.009004474173218535
0.51	0.9921810019511138	-0.021515218006983916	-0.0009153756700619464	0.011785567025752841
0.52	0.936275326989864	-0.11456169220195125	-0.0016811617672799484	0.015384145433133906
0.53	0.8747217627583906	-0.2094327077786735	-0.002821001783759103	0.020029656258475248
0.54	0.8069239507576249	-0.30585769697543147	-0.004477542488287356	0.026012825785763916
0.55	0.7321846602490649	-0.4036479776461204	-0.006839372472375316	0.03370109857928888
0.56	0.6497411974684284	-0.5023290694418334	-0.01015412693906581	0.043557708323207045
0.57	0.5585710207585644	-0.6015273776785981	-0.014744888983851845	0.056165160725826
0.58	0.45764082689281604	-0.7006587649996477	-0.021030934568954995	0.0722540978345314
0.59	0.3455196268328464	-0.7989793204228308	-0.0295537257169044	0.09273867830689542
0.6	0.2207208657399271	-0.8957034075770285	-0.04100950325351976	0.11875983420116731
0.61	0.08126872055115913	-0.9896792623851811	-0.05629021058674705	0.15173806753103936
0.62	-0.07499803530501753	-1.079587709336866	-0.07653468514343909	0.19343768878176926
0.63	-0.250782558882609	-1.1638135835566201	-0.1031927810370068	0.24604488405413072
0.64	-0.4492852089533098	-1.240289588189062	-0.1381057017717121	0.3122622250377549
0.65	-0.6743000684471628	-1.3065489694488774	-0.18360643561756823	0.3954231915856725
0.66	-0.9304318856136571	-1.359515154125681	-0.24264582417234204	0.4996301645918759
0.67	-1.2231146897532652	-1.3954328830891458	-0.31895025126136267	0.6299207830383162
0.68	-1.5588550823247753	-1.409728777318274	-0.4172193898073586	0.7924679328941289
0.69	-1.9455885828858501	-1.396845840687999	-0.5433746567445223	0.9948194268820414
0.7	-2.392692141321852	-1.3498707036203157	-0.7048710034139196	1.2461852852020219
0.71	-2.9113527793075065	-1.2605044844957147	-0.9110890757208079	1.5577807103398515
0.72	-3.515294229690013	-1.1185908492748813	-1.1738293444054935	1.9432343658496931
0.73	-4.220755299783132	-0.9118598860316001	-1.507934978188735	2.4190742205382056
0.74	-5.04746492872913	-0.6252663443396411	-1.9320797569169543	3.005304155226288
0.75	-6.019156113918519	-0.24060389853090447	-2.4697660471090863	3.726084354741443