0.	-0.08541139921271679	0.006262408563998179	0.	0.
0.01	-0.0829242341533245	0.0024790247580313007	0.	-8.185452315956354e-12
0.02	-0.08131253635565372	-0.0027214971319153847	-1.2732925824820995e-11	1.3642420526593924e-12
0.03	-0.07995321010457701	-0.009097159073462535	-3.637978807091713e-11	-3.319655661471188e-11
0.04	-0.07824219448093572	-0.01628233727433326	4.18367562815547e-11	-1.6825651982799172e-11
0.05	-0.0766105557913761	-0.0242367235605343	2.2737367544323206e-11	-7.73070496506989e-12
0.06	-0.07477702666756159	-0.033229129484880104	4.547473508864641e-11	1.1596057447604835e-10
0.07	-0.07296563791669541	-0.042799788290949436	1.0368239600211382e-10	-6.684786058031023e-11
0.08	-0.07110168575991338	-0.052970624474482975	-6.366462912410498e-12	3.5697667044587433e-11
0.09	-0.06886110184768768	-0.06408856660254969	-8.640199666842818e-12	1.5688783605583012e-11
0.1	-0.06660776073886154	-0.07572899643491837	2.2737367544323206e-11	-1.887201506178826e-11
0.11	-0.0644319217803968	-0.08826545434681066	7.639755494892597e-11	-1.6825651982799172e-11
0.12	-0.061221464627578825	-0.100736944164737	-2.1373125491663814e-11	7.23048287909478e-11
0.13	-0.05828970518950882	-0.11419841544716292	-7.548806024715304e-11	1.703028829069808e-10
0.14	-0.05560541936711161	-0.12816566065612278	-4.547473508864641e-10	3.257127900724299e-10
0.15	-0.05245816597698649	-0.14255405425569734	-1.2073542166035622e-9	4.226876626489684e-10
0.16	-0.04895913216751069	-0.1574662374696345	-3.0731825972907245e-9	5.004494596505538e-10
0.17	-0.04536674418250186	-0.17283097150266258	-6.938989827176556e-9	6.646132533205673e-10
0.18	-0.04149579929162428	-0.1885292961342202	-1.4890247257426381e-8	-4.0040504245553166e-10
0.19	-0.03734879713601913	-0.2046031411008471	-3.019886207766831e-8	-3.753370947379153e-9
0.2	-0.03309588800448182	-0.22093141019070117	-5.793617674498819e-8	-1.326156962022651e-8
0.21	-0.028532457629353303	-0.23770850975267876	-1.0638996172929183e-7	-3.5230641515227035e-8
0.22	-0.0237202696366694	-0.2546585200482241	-1.8763330444926396e-7	-8.237770998675842e-8
0.23	-0.01859854464282762	-0.27207799817688283	-3.1838408176554367e-7	-1.7544311958772596e-7
0.24	-0.01331921306791628	-0.28973135734850075	-5.205524757911917e-7	-3.505658696667524e-7
0.25	-0.007642706067599647	-0.307655699893985	-8.225292731367517e-7	-6.641324716838426e-7
0.26	-0.0019557891469048627	-0.32568199480317617	-1.2572008927236311e-6	-1.2037627357130987e-6
0.27	0.004115406180062564	-0.34404687411449686	-1.8599876057123765e-6	-2.100765868817689e-6
0.28	0.01062748479671427	-0.3625953439435534	-2.664033218024997e-6	-3.547090614119952e-6
0.29	0.017169878484764922	-0.38135364193954047	-3.690637186082313e-6	-5.8157304465566995e-6
0.3	0.02416460745189397	-0.4001792219813751	-4.936772256769473e-6	-9.286278327635955e-6
0.31	0.03127852516308849	-0.41932525948345756	-6.35363403489464e-6	-0.000014475904890787206
0.32	0.0385831316821168	-0.43846791385135475	-7.81640983404941e-6	-0.000022076603727327893
0.33	0.046357732220258185	-0.45784183340583695	-9.084398243430769e-6	-0.0000329945755765948
0.34	0.054373939096421964	-0.4773269636857549	-9.744987437443342e-6	-0.00004839994699068484
0.35	0.06275178114037772	-0.4969575909735795	-9.143790975940647e-6	-0.00006977717066547484
0.36	0.07127617902506245	-0.5165043288789093	-6.289578777796123e-6	-0.0000989802424555819
0.37	0.08014971701663853	-0.536265849245865	2.59478611042141e-7	-0.00013829196177539416
0.38	0.08949638099079493	-0.5560582275807064	0.00001254214203072479	-0.0001904815806028637
0.39	0.09900063395139114	-0.5761287079924386	0.00003336944473630865	-0.000258861888823958
0.4	0.10879711278880677	-0.5960708682939639	0.00006653808395640226	-0.0003473412339189963
0.41	0.11901328342628403	-0.6159387684222111	0.0001170851487586333	-0.00046046568922974984
0.42	0.12957140416915536	-0.636090233271716	0.00019158723739565175	-0.0006034505531715695
0.43	0.14048389425306596	-0.6560798410894222	0.0002985107075801352	-0.0007821916140073881
0.44	0.15153984774951823	-0.6761235656097142	0.0004486179832383641	-0.0010032521986431675
0.45	0.1631633496865561	-0.6962667212637825	0.0006554313258675393	-0.0012738228820126096
0.46	0.1753019073203177	-0.7163502689154484	0.0009357631136026612	-0.001601638545480455
0.47	0.18784911404623017	-0.7362585316259356	0.0013103150215556525	-0.001994850263599801
0.48	0.20064782609620124	-0.7563048438578335	0.0018043440586552606	-0.0024618443540020962
0.49	0.21413861038558935	-0.7761705346670169	0.002448416483503024	-0.0030109945855656406
0.5	0.2279954259565784	-0.796112141958929	0.0032792292347494367	-0.0036503310748230433
0.51	0.24240218038221428	-0.8158127672895716	0.004340526847045112	-0.004387137241110395
0.52	0.25753237634944526	-0.8353912328650495	0.00568409307516049	-0.005227430660625032
0.53	0.27328051748349935	-0.8547392248356118	0.007370841624378954	-0.00617533479839949
0.54	0.2896999119609518	-0.8739763510043304	0.009471984892797991	-0.007232329657426817
0.55	0.30670661062390536	-0.8929626908723094	0.012070313057733983	-0.008396357359515605
0.56	0.324773445539563	-0.9115310042193414	0.015261550902323506	-0.00966076512509062
0.57	0.3436363959630171	-0.929846439513085	0.019155799972168097	-0.011013070574563244
0.58	0.3638202852999939	-0.9476899640258125	0.02387910774689317	-0.012433558088559948
0.59	0.38476233551250516	-0.9650212153567281	0.02957507978965168	-0.01389363994667292
0.6	0.4071743456677268	-0.9816425526787498	0.03640664334204757	-0.015353993816233924
0.61	0.4309830153107441	-0.9976492484306618	0.04455782751119841	-0.016762473622748075
0.62	0.4559946057770503	-1.0125533844957317	0.05423570164487046	-0.01805172235981445
0.63	0.482978785244768	-1.0265769834009006	0.0656723055516295	-0.019136551618657904
0.64	0.5117006781581495	-1.0393537505219683	0.07912682624862555	-0.01991091933791722
0.65	0.5427697925674693	-1.050569356503729	0.09488755939992188	-0.02024465199383485
0.66	0.5758535304856878	-1.0604166675309443	0.11327431798736143	-0.019979802722900786
0.67	0.6112984954172589	-1.0679193801643123	0.13464055156202903	-0.018926507823380234
0.68	0.650097938987301	-1.0731705077637343	0.15937575558257322	-0.016858867732253202
0.69	0.6914563956673874	-1.0759224645585164	0.18790766736560727	-0.013509588408851414
0.7	0.7367040324434129	-1.0753564889337213	0.2207050999750777	-0.008565119263948873
0.71	0.7855155222680423	-1.0713647991985908	0.25827981414317946	-0.0016594103874467692
0.72	0.8383267999037116	-1.0631375823404596	0.3011894762646534	0.007632084549186402
0.73	0.8958900608141107	-1.0502804775799177	0.35003964781913055	0.01979931121354639
0.74	0.9585848697916504	-1.0318276014136245	0.4054870932357062	0.035405161258495355
0.75	1.026483409158402	-1.0069150029451066	0.468240881451095	0.055093869678557894