0.	-1.2919597473172608	-2.2833192051055873	0.	0.
0.01	-1.3049812029115264	-2.2918889835417158	-1.509903313490213e-14	-5.3290705182007514e-14
0.02	-1.3182723819718758	-2.2999404897929674	2.7533531010703882e-14	4.440892098500626e-14
0.03	-1.3318324155325634	-2.307459895486985	8.79296635503124e-14	-9.103828801926284e-14
0.04	-1.3456598517659817	-2.314433548238214	5.417888360170764e-14	-4.440892098500626e-15
0.05	-1.3597527720742129	-2.3208482812593014	-1.3322676295501878e-14	-6.128431095930864e-14
0.06	-1.3741087933081921	-2.326691449000813	-3.8191672047105385e-14	8.43769498715119e-15
0.07	-1.3887250841846122	-2.331950947041789	-2.0161650127192843e-13	-3.077538224260934e-13
0.08	-1.4035984286083192	-2.336615502823648	2.220446049250313e-14	-3.703704010149522e-13
0.09	-1.418724944883949	-2.3406737345641386	-2.8421709430404007e-13	-2.0294876890147862e-13
0.1	-1.4341005298141791	-2.344115656735455	1.4477308241112041e-13	-2.4868995751603507e-14
0.11	-1.449720571467422	-2.346931747681056	-3.703704010149522e-13	9.992007221626409e-14
0.12	-1.4655800184567562	-2.349113244267151	-8.79296635503124e-14	-1.162625551387464e-12
0.13	-1.4816733975131697	-2.3506521978550463	3.375077994860476e-14	2.6201263381153694e-13
0.14	-1.4979948043407223	-2.351541529932133	2.930988785010413e-14	-1.936228954946273e-13
0.15	-1.5145379210350738	-2.3517751011436725	1.8207657603852567e-13	-5.835332217429823e-13
0.16	-1.531296018465623	-2.351347769161878	-1.971756091734278e-13	-9.161560399206792e-13
0.17	-1.5482619566333904	-2.3502554820090547	-4.1389114358025836e-13	1.0969003483296547e-13
0.18	-1.5654282022394677	-2.3484953402566884	3.419486915845482e-13	-4.853895063661184e-13
0.19	-1.5827868277262844	-2.3460656978803427	1.3873346915715956e-12	-1.5143442055887135e-12
0.2	-1.6003295278298806	-2.3429662556608366	2.97806224125452e-12	-1.5494272531668685e-12
0.21	-1.6180476227854257	-2.3391981676754727	8.819611707622244e-12	-2.072120253160392e-12
0.22	-1.6359320758759646	-2.334764152036711	1.9681145602135075e-11	-5.972999872483342e-12
0.23	-1.6539735056317042	-2.3296686173229784	4.338840398077082e-11	-1.3505641049960104e-11
0.24	-1.6721621994961406	-2.3239177969359814	9.367440156893281e-11	-3.3576252889133684e-11
0.25	-1.6904881291505323	-2.3175198744800576	1.9805757034419003e-10	-7.84106113371763e-11
0.26	-1.7089409804421551	-2.3104852389912947	4.069846681886702e-10	-1.7858248213542538e-10
0.27	-1.727510162133969	-2.302826516087674	8.130607298539871e-10	-3.859974562203661e-10
0.28	-1.746184839339315	-2.294558850238726	1.5825651900058801e-9	-8.116241012601222e-10
0.29	-1.7649539576849387	-2.285700102848613	3.0093048053458915e-9	-1.6534751345886889e-9
0.3	-1.7838062835210513	-2.276271066191476	5.603663311148921e-9	-3.2833868957027335e-9
0.31	-1.8027304315493877	-2.266295716972551	1.0215130075152956e-8	-6.356328796641719e-9
0.32	-1.821714916619035	-2.2558014936065556	1.8284767477894093e-8	-1.2024727880088903e-8
0.33	-1.8407481917287862	-2.2448195908217565	3.2152435380794486e-8	-2.226787287895604e-8
0.34	-1.8598187047742378	-2.233385292917529	5.5616064642549645e-8	-4.042046208851957e-8
0.35	-1.878914967582987	-2.221538324952565	9.47361371572697e-8	-7.200871987578239e-8
0.36	-1.8980256115222351	-2.2093232587782436	1.5906171135782188e-7	-1.260335924513356e-7
0.37	-1.9171394677724436	-2.196789945661057	2.634699693970788e-7	-2.169682051800237e-7
0.38	-1.9362456608215242	-2.183993994757711	4.308958896359627e-7	-3.677056201745188e-7
0.39	-1.9553336973452158	-2.170997302803367	6.963389669323305e-7	-6.140103088192461e-7
0.4	-1.9743935775245411	-2.1578686474518145	1.1126970456132312e-6	-1.011000733353029e-6
0.41	-1.993415917215649	-2.1446843260820128	1.7592452357106936e-6	-1.642592049044822e-6
0.42	-2.0123920788984178	-2.131528879797977	2.75377960345935e-6	-2.6350293387267243e-6
0.43	-2.0313143270070206	-2.1184958975284784	4.2699721172212435e-6	-4.176106628506204e-6
0.44	-2.0501759922917753	-2.1056888925344963	6.56202831006425e-6	-6.542122343855539e-6
0.45	-2.0689716447352744	-2.0932223039694797	9.99936922241318e-6	-0.000010135265471777899
0.46	-2.0876972979558293	-2.0812225926343197	0.000015115284677236218	-0.000015535075002404142
0.47	-2.106350356557151	-2.0698294367447625	0.00002267464086713744	-0.000023568280723473833
0.48	-2.124930920125343	-2.059197388870042	0.00003376764749152272	-0.00003540283684166923
0.49	-2.1434402976646405	-2.0494968757330767	0.00004993882589943155	-0.000052673102284295226
0.5	-2.16188252461962	-2.040916489239201	0.00007336335862451193	-0.00007764481950811586
0.51	-2.1802641660969373	-2.033664708713288	0.00010708673954784587	-0.00011343011424713723
0.52	-2.198594572995078	-2.0279721562894837	0.00015534842387143755	-0.0001642649545003927
0.53	-2.2168860586833192	-2.0240941092837	0.00022401603094390765	-0.0002358630152361485
0.54	-2.2351540097332574	-2.022313314460882	0.0003211639524574039	-0.00033586214182346197
0.55	-2.253416925642192	-2.022943176465953	0.0004578394284564524	-0.00047438097602947593
0.56	-2.2716964373859545	-2.02633175689638	0.0006490695095768828	-0.0006647045754286651
0.57	-2.290016495496552	-2.0328640684738986	0.0009151749264741937	-0.0009241182667896197
0.58	-2.308403563140776	-2.0429691714482927	0.0012834730096757951	-0.0012749078554326054
0.59	-2.3268852878404296	-2.05712346367479	0.001790466814054703	-0.0017455424458168167
0.6	-2.3454892881858918	-2.075856695521016	0.0024846388898929206	-0.0023720510207971834
0.61	-2.3642412916523643	-2.099758111862471	0.0034299886808790703	-0.0031995970080758163
0.62	-2.383162289666748	-2.12948302933715	0.00471047605429753	-0.004284244097394474
0.63	-2.4022661401475247	-2.165760901263643	0.006435559558457982	-0.005694892714609434
0.64	-2.4215535231801315	-2.209402047134877	0.008747041142132872	-0.007515345033985099
0.65	-2.441007110143497	-2.2613067756515406	0.011827460387702438	-0.009846434367378087
0.66	-2.4605839598420847	-2.3224739100243204	0.01591030284930195	-0.012808120666672362
0.67	-2.4802060583645327	-2.39400995809548	0.021292315113420557	-0.01654141595290959
0.68	-2.4997498675412686	-2.477136974450737	0.028348237380554586	-0.021209963077465144
0.69	-2.519031067985104	-2.573202535532425	0.037548291256011446	-0.02700101538411559
0.7	-2.537789274874763	-2.6836867423198996	0.04947876413886654	-0.03412553355065295
0.71	-2.555665898659816	-2.8102080056482945	0.06486602246140993	-0.04281698883542484
0.72	-2.572182910970615	-2.9545287967392673	0.08460434895777968	-0.05332842980895691
0.73	-2.5867136510313333	-3.1185561907051405	0.10978785989474371	-0.06592718550844312
0.74	-2.5984523683407863	-3.304339363304298	0.1417468442287797	-0.08088651993529927
0.75	-2.6063748482764098	-3.51406221256907	0.18208871697259266	-0.09847330838525581
0.76	-2.609198791831652	-3.750026426627574	0.2327436998397978	-0.11893074038214513
0.77	-2.6053363733506494	-4.014629154250735	0.296015286040447	-0.14245465278749547
0.78	-2.592840114393108	-4.310324778580574	0.3746350729291752	-0.1691619158884734
0.79	-2.569349967093844	-4.639573309827683	0.47182169666309015	-0.19904911824922156
0.8	-2.532033080099101	-5.004766985315317	0.5913425967882748	-0.23193900538560275
0.81	-2.4775194183742606	-5.408135665751178	0.7375772934866482	-0.26741192672487824
0.82	-2.401845456285489	-5.85161313858398	0.9155794524219765	-0.3047191320182012
0.83	-2.3003949574608527	-6.33667456689714	1.1311345847486152	-0.3426732227845788
0.84	-2.1678676112899833	-6.864112304186737	1.3908076550952373	-0.37951221224667364
0.85	-1.9982581613693302	-7.433754443900938	1.7019728757886483	-0.41273005289248665
0.86	-1.784884326066388	-8.044113558279612	2.072815569836969	-0.4388675633027468
0.87	-1.5204965028579878	-8.69192350737412	2.512288873988748	-0.45325766884707974
0.88	-1.1974811927956637	-9.371574243502058	3.0300030565081038	-0.44971421387485044
0.89	-0.8082600104030213	-10.074414601278253	3.636014881202115	-0.42015821140671505
0.9	-0.3459542959476636	-10.787896901300918	4.3404650440756	-0.35417343051881645
0.91	0.1944866685401756	-11.494576342523978	5.152989223232829	-0.2384913222792413
0.92	0.8144925807728498	-12.171045207294071	6.0817857115896246	-0.056410395034969696
0.93	1.5089500383390302	-12.786946900589353	7.132143721684834	0.2128005256280403
0.94	2.261580924214382	-13.304644329411584	8.304112639368782	0.5943894164230379
0.95	3.03779572738987	-13.680835034636111	9.588754955025902	1.1181255679768327