0.	-0.08473366970201823	0.006315619123142824	0.	0.
0.01	-0.08559967764131216	0.008531072560799657	4.274625098332763e-11	2.7284841053187847e-12
0.02	-0.0868557812234485	0.00871394119803881	-1.8189894035458565e-12	-1.2732925824820995e-11
0.03	-0.08842087113589514	0.007045786771868734	8.071765478234738e-11	6.866684998385608e-11
0.04	-0.09019139231941153	0.0036942657934559975	4.5929482439532876e-11	-7.912603905424476e-11
0.05	-0.09234106015082943	-0.0013590713824669365	-1.1596057447604835e-11	-7.73070496506989e-11
0.06	-0.0947623922065759	-0.008381664860735327	-9.5042196335271e-11	4.8203219193965197e-11
0.07	-0.09762594990070284	-0.017079855036627123	-8.913048077374697e-11	-1.5779733075760305e-10
0.08	-0.10090438392353462	-0.027847520404066017	-6.616573955398053e-11	-4.547473508864641e-11
0.09	-0.10467616621440357	-0.04064537911199295	-7.73070496506989e-11	4.956746124662459e-11
0.1	-0.1090585783131246	-0.05546088917617453	1.0345502232667059e-10	2.319211489520967e-11
0.11	-0.11392690384423076	-0.07238750431588414	2.580691216280684e-10	-1.000444171950221e-10
0.12	-0.11948799183801384	-0.09143000455060246	-5.0249582272954285e-11	2.5511326384730637e-10
0.13	-0.12573431397493096	-0.11270408386644704	-1.9326762412674725e-12	8.049028110690415e-11
0.14	-0.1326983592683746	-0.13634651616757765	-1.7394086171407253e-11	1.058197085512802e-9
0.15	-0.14055288486304107	-0.16235407680278513	8.118377081700601e-10	3.0418050300795585e-9
0.16	-0.14943354904801254	-0.19075561882891634	2.3836719265091233e-9	7.251401257235557e-9
0.17	-0.15914547725003558	-0.22165040193340246	5.670358405041043e-9	1.6407739167334512e-8
0.18	-0.1699024435897627	-0.25514418225793634	1.440128016838571e-8	3.467675924184732e-8
0.19	-0.18191850622270067	-0.29132104232621714	3.3879246075230185e-8	6.932577889529057e-8
0.2	-0.19506865334653867	-0.3301095616488965	7.40399173082551e-8	1.3244562069303356e-7
0.21	-0.2095746083288077	-0.37175451524171876	1.5377861473098164e-7	2.42702299146913e-7
0.22	-0.2254832109211975	-0.4161955768695407	3.056607056350913e-7	4.292919584258925e-7
0.23	-0.2428622313050255	-0.4635932539958958	5.840926178279915e-7	7.35828962206142e-7
0.24	-0.2618261532670658	-0.5140880157241554	1.076465991900477e-6	1.2231876098667271e-6
0.25	-0.2826245349325518	-0.5676232915579931	1.922023898259795e-6	1.9751837498915847e-6
0.26	-0.3051219244078993	-0.6243620844907127	3.331327661726391e-6	3.1087492970982566e-6
0.27	-0.32976575649183815	-0.6843447085211665	5.6223267392851994e-6	4.77192133985227e-6
0.28	-0.3562888328375493	-0.7477403473362756	9.259367402592034e-6	7.156713309086626e-6
0.29	-0.3852190369449886	-0.8145157244111942	0.000014908855575868074	0.000010497781204321655
0.3	-0.4163761817012528	-0.8849251529290996	0.00002350988245325425	0.000015078141586855054
0.31	-0.4500268144530537	-0.9589053966283245	0.000036363545916628937	0.000021221419501671335
0.32	-0.4864603085428598	-1.036610173805002	0.00005524179124449802	0.000029288194127730094
0.33	-0.5256955335287898	-1.118188243404802	0.00008252472747471984	0.000039650902635912644
0.34	-0.5678818730258968	-1.2036770267241081	0.00012136403154272557	0.00005267186725177453
0.35	-0.6132989116530894	-1.2932604645197898	0.00017587422848919232	0.00006865630984975724
0.36	-0.6620862237832625	-1.3869744318517405	0.00025136648116586	0.00008778801202424802
0.37	-0.7144570710831886	-1.4849637831730433	0.00035460778997276066	0.00011005099531757878
0.38	-0.7706772909666597	-1.5873902953844663	0.0004941307408898865	0.0001351162172795739
0.39	-0.8309625077653209	-1.6942566984862424	0.0006805689515658742	0.00016220448378589936
0.4	-0.8955066966040022	-1.8057952619274147	0.0009270358916637633	0.00018991888600794482
0.41	-0.9646221232177368	-1.922114000079091	0.001249542790446867	0.00021603482719001477
0.42	-1.038576812361498	-2.043306032408509	0.0016674373230216588	0.0002372640215071442
0.43	-1.1177648824960897	-2.169584983250388	0.002203866463560189	0.00024897529101508553
0.44	-1.20238769259538	-2.30104251620196	0.002886246338334786	0.00024489326460752636
0.45	-1.2928912052124133	-2.4378003950723723	0.0037467257317302938	0.00021676617143384647
0.46	-1.3897585073552818	-2.580028481762838	0.0048226114507770035	0.00015402349390569725
0.47	-1.4933408753819322	-2.7279017144041973	0.00615673450192844	0.00004345217439549742
0.48	-1.604149519529983	-2.8815502818602	0.007797704737868116	-0.00013110910686009447
0.49	-1.7227520705323514	-3.0410986493948258	0.009800013640983707	-0.00038899160381333786
0.5	-1.8498078810250718	-3.2067031408387265	0.012223914413311832	-0.0007527909274358535
0.51	-1.9859031845533082	-3.378520060183746	0.015134991292939048	-0.0012482854526751908
0.52	-2.1319903849938555	-3.5566446374973566	0.018603316338953846	-0.0019040670790673175
0.53	-2.288862642239337	-3.7411785247381886	0.022702080114754608	-0.002750779222424171
0.54	-2.457560634572019	-3.9321256667126363	0.02750549210486497	-0.003819832400040468
0.55	-2.639274861821832	-4.129655958487547	0.033085806944995966	-0.005141401717082772
0.56	-2.8352937547820147	-4.333579257404381	0.03950915489417639	-0.006741490527474525
0.57	-3.04727879029997	-4.543917197362589	0.046829954569602705	-0.008637782245841663
0.58	-3.276899058605977	-4.760459199145771	0.05508341956340246	-0.01083392680493489
0.59	-3.5263859074892707	-4.982853759142927	0.06427575422776499	-0.013311863683156844
0.6	-3.7980240710249973	-5.210793184943213	0.07437146825884611	-0.016021605361856928
0.61	-4.094773136670028	-5.443565138881695	0.08527689472327893	-0.01886795176733358
0.62	-4.4198055387518025	-5.6803634114312445	0.09681925440088435	-0.02169321531755486
0.63	-4.777005731036411	-5.920135027958622	0.10871988721987691	-0.024255177904706215
0.64	-5.1708803582411065	-6.161385858828908	0.12056026755237781	-0.02619913786111283
0.65	-5.606660220440517	-6.402305765498568	0.13173909516979165	-0.027022442580800998
0.66	-6.090576927994107	-6.64051617862151	0.14141793204851183	-0.02603036960317695
0.67	-6.629831731718127	-6.873037226870565	0.14845280769975489	-0.022280907245203707
0.68	-7.232880256232875	-7.096168559533453	0.1513079477319934	-0.014516430356252386
0.69	-7.909863950446606	-7.305350254389396	0.14794683956142762	-0.0010796397327794693
0.7	-8.672512907263581	-7.494739380577357	0.13569513409140654	0.02019003683108167
0.71	-9.534536334251584	-7.65732286192997	0.11106770961703205	0.05208258500579177
0.72	-10.512504472014939	-7.784415177259689	0.06954969138337219	0.09817062267711663
0.73	-11.625571091984398	-7.865508099386716	0.00532035077526416	0.1629953075589583
0.74	-12.896602420662134	-7.887583606640874	-0.08909782463297233	0.2522900132603354
0.75	-14.352532980821366	-7.834887272895685	-0.22328405245605154	0.3732475886113207