0.	0.04027305577892548	-0.018299425145869463	0.	0.
0.01	0.03974734687244563	-0.017870648131065536	4.547473508864641e-13	0.
0.02	0.03920668034629671	-0.017745596345775994	-5.343281372915953e-12	1.1823431123048067e-11
0.03	0.0385370541220027	-0.01795993582027222	-5.684341886080801e-13	3.183231456205249e-12
0.04	0.037650583158097106	-0.018538735357651603	2.5011104298755527e-12	-3.637978807091713e-12
0.05	0.036525541072251144	-0.019451854591807205	-1.1368683772161603e-13	6.366462912410498e-12
0.06	0.0352518162875981	-0.020745174309467984	4.2234660213580355e-11	9.094947017729282e-13
0.07	0.03360230588162949	-0.02244084863423268	4.661160346586257e-12	-1.864464138634503e-11
0.08	0.03167972002205488	-0.024552633310122474	-4.490630090003833e-12	-4.547473508864641e-12
0.09	0.029538216407217988	-0.02712851499836688	8.29913915367797e-12	6.366462912410498e-12
0.1	0.026958270188345068	-0.03013074541468086	6.764366844436154e-12	-4.092726157978177e-12
0.11	0.02402883620391094	-0.033590608198664995	3.410605131648481e-13	-1.0913936421275139e-11
0.12	0.020670897041782155	-0.03760779265985548	6.139089236967266e-11	-1.0459189070388675e-11
0.13	0.01688784208067773	-0.04210189144851029	1.7564616427989677e-10	-1.3915268937125802e-10
0.14	0.012634605603579985	-0.047157043525203335	4.425828592502512e-10	-4.2382453102618456e-10
0.15	0.007810436520458097	-0.05281819412857658	1.0666099115042016e-9	-1.248281478183344e-9
0.16	0.0024760985161265125	-0.05905653402396638	2.227125150966458e-9	-3.2200659916270524e-9
0.17	-0.003502533822938858	-0.0659132762984882	4.451976565178484e-9	-7.834387361072004e-9
0.18	-0.010119378589251937	-0.07345584421591411	7.860762707423419e-9	-1.7761522030923516e-8
0.19	-0.017451776111556683	-0.08169569443498403	1.2800683180103078e-8	-3.818195182248019e-8
0.2	-0.025567349890479818	-0.09062884057175324	1.875173438747879e-8	-7.820790415280499e-8
0.21	-0.034530772853941016	-0.10029638748756042	2.2780795916332863e-8	-1.5314162737922743e-7
0.22	-0.04437578316333202	-0.11074529826282742	1.798275661712978e-8	-2.884016794268973e-7
0.23	-0.05518045897633783	-0.12205264851445463	-1.0844587450264953e-8	-5.237900495558279e-7
0.24	-0.06700156195961426	-0.1341949402087721	-9.379959919897374e-8	-9.203138233715435e-7
0.25	-0.0799647942546926	-0.1472157395060094	-2.8596423362614587e-7	-1.5687533050368074e-6
0.26	-0.0941487953784872	-0.16112769086112166	-6.83345433571958e-7	-2.600036623334745e-6
0.27	-0.10958191944473583	-0.17601701806393066	-1.4462873423326528e-6	-4.1987609620264266e-6
0.28	-0.1264509449531488	-0.19187927636016866	-2.833388634826406e-6	-6.617937515329686e-6
0.29	-0.1448063967741291	-0.20879261715413122	-5.249252808425808e-6	-0.000010196373068538378
0.3	-0.1647282723738499	-0.22677022402672264	-9.311588428317918e-6	-0.000015376373085018713
0.31	-0.18638739340872235	-0.24586697392055612	-0.000015941965330057428	-0.000022721383857060573
0.32	-0.20991380177792962	-0.26611215754087425	-0.000026487945888220565	-0.000032929865483311005
0.33	-0.23539959747904504	-0.2875516775019378	-0.00004288490208637086	-0.000046842848746564414
0.34	-0.2630253181735043	-0.310231898342181	-0.0000678680835335399	-0.00006544065320213122
0.35	-0.2929488013419359	-0.33421268907909507	-0.00010524590675231593	-0.0000898199430139357
0.36	-0.32530211866264835	-0.35952177788067274	-0.00016025132754293736	-0.00012114393996398576
0.37	-0.360321456093061	-0.38618729044821976	-0.00023998638675948314	-0.00016055281412263867
0.38	-0.3981483629045215	-0.4143099341457628	-0.00035398228624217154	-0.00020901843549836485
0.39	-0.4390169746277479	-0.4438842699646557	-0.0005148986545009393	-0.0002671233662567829
0.4	-0.4831523194300189	-0.47498015577502883	-0.0007393910427708761	-0.0003347387551002612
0.41	-0.5307834129653202	-0.5076416392539613	-0.0010491810626263032	-0.0004105682637600694
0.42	-0.58219677448119	-0.5419022362908663	-0.0014723686160778016	-0.0004915167003218812
0.43	-0.637662352914731	-0.5778048649002585	-0.0020450348436042987	-0.0005718352059602694
0.44	-0.697495315288279	-0.6153946352934554	-0.002813191026007189	-0.0006419758283300325
0.45	-0.7620173548666571	-0.6547171747137099	-0.003835140736782705	-0.000687082070840006
0.46	-0.8316367574873311	-0.6957598478503542	-0.00518433415754771	-0.0006850151349908629
0.47	-0.9067044981084109	-0.7385613227846761	-0.006952808633059249	-0.0006037997450221155
0.48	-0.9876806233507978	-0.7831473872688548	-0.009255329068764695	-0.0003983413972150629
0.49	-1.0750401678149046	-0.8294699243722334	-0.012234364663754604	-6.238620755993907e-6
0.5	-1.169299273859906	-0.8775330570929896	-0.016066060692992323	0.0006575379934474768
0.51	-1.2710414774016954	-0.9272737177475392	-0.02096741252466927	0.0017073642371201458
0.52	-1.3808972712613468	-0.9785992364196545	-0.02720487009560202	0.0032954216369489586
0.53	-1.4995664733214653	-1.0314079434504038	-0.035104682630844763	0.005622308250110564
0.54	-1.627825777408134	-1.0855122398685921	-0.045065326935628036	0.008950318302595406
0.55	-1.766534185381488	-1.1406892699873197	-0.05757248497934597	0.013620015817622289
0.56	-1.9166373272482815	-1.1966313033461802	-0.07321710294854711	0.020070913068110485
0.57	-2.079210457010504	-1.2529439928808301	-0.09271723116512476	0.02886721445216267
0.58	-2.255443163581049	-1.3091111329370904	-0.1169445103819271	0.04072986094689668
0.59	-2.4466617767682237	-1.3644613527384877	-0.1469563679172552	0.05657642744645841
0.6	-2.6543623567508803	-1.4181715777202442	-0.18403529599709145	0.0775707858717567
0.61	-2.8802644629467977	-1.4691784029055839	-0.2297369320733651	0.10518501511839418
0.62	-3.1262722001445127	-1.516136077596542	-0.285949212050582	0.14127658349661942
0.63	-3.3945772363142623	-1.5573846730941483	-0.3549652232072731	0.18818481654109576
0.64	-3.68766661805239	-1.5908184266322536	-0.43957368745032	0.2488516297137835
0.65	-4.008415079150382	-1.613803336703029	-0.5431713979075994	0.3269730564754383
0.66	-4.360112691532322	-1.623059109453635	-0.6699040281930593	0.4271897199202357
0.67	-4.7465748842264475	-1.614481806666987	-0.8248428877334391	0.5553272505587614
0.68	-5.172241155357142	-1.5829397378129357	-1.01420852424053	0.7187005061250318
0.69	-5.642303119523149	-1.5220009875124418	-1.245654163324616	0.9265002921354863
0.7	-6.1628611833796185	-1.4236058759802575	-1.5286279611448208	1.1902861593439695
0.71	-6.741134331266721	-1.277625274033639	-1.8748378534635322	1.524618308042605
0.72	-7.385702335542646	-1.07130351548075	-2.2988520325125137	1.9478702879650314
0.73	-8.106832648439422	-0.7885392840144476	-2.8188786964594783	2.4832811547626363
0.74	-8.916894856831732	-0.40888182562494535	-3.457786311679456	3.1603229902792833
0.75	-9.830868088416764	0.09366702397264248	-4.244446148305315	4.016491454852741