0.	0.	0.	0.	0.
0.01	-0.0058832703208749025	-0.006632794050365709	-1.0234868508263162e-16	4.163336342344337e-17
0.02	-0.012169982037308895	-0.016216116295502597	5.342948306008566e-16	-2.0816681711721685e-16
0.03	-0.01880244378409103	-0.02871168808257936	-5.551115123125783e-17	9.71445146547012e-17
0.04	-0.02572452760446947	-0.044080951777283994	-9.020562075079397e-16	4.85722573273506e-16
0.05	-0.03288163833160071	-0.06228508299869209	-1.790234627208065e-15	1.1379786002407855e-15
0.06	-0.040220672148973236	-0.08328500430876459	-3.9968028886505635e-15	-1.8041124150158794e-15
0.07	-0.047690028760559416	-0.10704140742037382	-9.71445146547012e-16	4.107825191113079e-15
0.08	-0.05523954087422356	-0.1335147430492944	-1.1102230246251565e-15	9.992007221626409e-16
0.09	-0.06282040079275278	-0.16266534467434018	-7.271960811294775e-15	3.885780586188048e-15
0.1	-0.07038528240805342	-0.19445323540717613	-1.7763568394002505e-15	7.438494264988549e-15
0.11	-0.07788815745316868	-0.2288383683081927	1.4988010832439613e-15	8.104628079763643e-15
0.12	-0.08528434235690335	-0.2657805357871257	-1.0047518372857667e-14	-6.661338147750939e-16
0.13	-0.09253045333029652	-0.30523941061478965	1.7763568394002505e-15	8.43769498715119e-15
0.14	-0.09958438292147226	-0.3471745853671675	3.608224830031759e-15	-6.661338147750939e-16
0.15	-0.10640526151596641	-0.39154557542949553	1.9817480989559044e-14	1.5654144647214707e-14
0.16	-0.11295342966070399	-0.43831185818790375	5.861977570020827e-14	-7.105427357601002e-15
0.17	-0.11919040481996701	-0.48743289875588536	1.532107773982716e-13	-3.019806626980426e-14
0.18	-0.12507884505320532	-0.5388681766056418	3.2296387786345804e-13	-6.106226635438361e-14
0.19	-0.13058251740589544	-0.5925772113940091	8.880673973976627e-13	-1.7275070263167436e-13
0.2	-0.13566625217773853	-0.6485195993917316	2.2472024241437794e-12	-2.6401103525586223e-13
0.21	-0.14029590785606882	-0.7066550372229332	5.3297366520155265e-12	-4.920508445138694e-13
0.22	-0.1444382175903539	-0.7669433217988859	1.1929568444202232e-11	-7.855938122247608e-13
0.23	-0.1480611770345367	-0.8293445495257608	2.5850099838464757e-11	-9.64561763794336e-13
0.24	-0.1511332913436123	-0.8938188391514474	5.422573501334682e-11	-3.9390712913700554e-13
0.25	-0.15362405191661166	-0.9603266138614361	1.100992630398423e-10	2.438937940496544e-12
0.26	-0.15550373074845458	-1.0288286181635637	2.1682722284310785e-10	1.1185719017703377e-11
0.27	-0.1567432651746583	-1.0992858194311395	4.1561354358066183e-10	3.380717927825572e-11
0.28	-0.15731422575722886	-1.1716595432811374	7.763638620872371e-10	8.608713741864449e-11
0.29	-0.15718873954187362	-1.2459114746563436	1.4161143369051388e-9	1.9905677106635267e-10
0.3	-0.15633940527101053	-1.3220036875561938	2.5263926506369216e-9	4.3003201000146873e-10
0.31	-0.15473918771139705	-1.3998986870385655	4.415353416220569e-9	8.825589148386825e-10
0.32	-0.15236132376885392	-1.4795594286871996	7.569463500445295e-9	1.7365500148969204e-9
0.33	-0.1491792168792332	-1.5609493454625518	1.2744986399582103e-8	3.2973366259625436e-9
0.34	-0.14516616541636806	-1.6440323554648755	2.109999153177e-8	6.0694036463360135e-9
0.35	-0.14029575647698023	-1.7287728916152565	3.438323892268613e-8	1.0865782940072677e-8
0.36	-0.1345410453398539	-1.8151360337328475	5.519534429510031e-8	1.8966927584074256e-8
0.37	-0.12787472107319142	-1.9030872572753053	8.735273993032422e-8	3.234826895237575e-8
0.38	-0.12026892309884918	-1.9925926518428447	1.3637389217890927e-7	5.399918467929865e-8
0.39	-0.11169505313678751	-2.0836188299383736	2.1012399975539608e-7	8.837590659283023e-8
0.4	-0.10212352684173553	-2.176132946374505	3.1966112401526914e-7	1.4203043718907793e-7
0.41	-0.09152357766127306	-2.270102651204091	4.803288811139339e-7	2.2449818626313345e-7
0.42	-0.07986299451308643	-2.3654960588240304	7.131760553225064e-7	3.495233169559242e-7
0.43	-0.06710758912322734	-2.4622816254676714	1.0467808913006138e-6	5.367419637636317e-7
0.44	-0.053221950383609995	-2.560428339373586	1.5195908007470393e-6	8.139478095969821e-7
0.45	-0.0381675811795934	-2.659905214980917	2.182894415891923e-6	1.2201191506022724e-6
0.46	-0.02190355740208183	-2.7606814671618967	3.1045644113270043e-6	1.809404057695474e-6
0.47	-0.004385896965722669	-2.862726282849204	4.373729366236034e-6	2.6563324979633762e-6
0.48	0.014432851649536005	-2.9660086459258945	6.106564574226425e-6	3.862574628143989e-6
0.49	0.03460418040686708	-3.070497023342355	8.453413293807444e-6	5.565646116423295e-6
0.5	0.05618380671594947	-3.1761595821676245	0.000011607499750487804	7.950040121329494e-6
0.51	0.07923217088628265	-3.282962987222538	0.00001581551802720682	0.000011261362413250708
0.52	0.10381564667301513	-3.390872855282698	0.000021390436423462944	0.00001582417930023894
0.53	0.13000654070268602	-3.499852979051955	0.000028726899662823158	0.000022064397217747
0.54	0.1578841019060393	-3.609864781489467	0.00003831966554601607	0.00003053717138357115
0.55	0.1875345422977961	-3.7208680255989783	0.0000507855715661254	0.0000419615265023765
0.56	0.21905313918238933	-3.832815398508316	0.000066889577939655	0.000057262996149276546
0.57	0.25254335451841614	-3.9456601277782077	0.00008757557002025962	0.00007762610346873089
0.58	0.28811926637099616	-4.059347272660636	0.00011400255194304876	0.00010455828296862535
0.59	0.32590594611863155	-4.173816433679063	0.0001475871191094491	0.00013996774383606692
0.6	0.366039231938178	-4.28900001665262	0.0001900530979922488	0.0001862576999069887
0.61	0.4086704817704039	-4.404822377828069	0.00024348922000738682	0.0002464400429253999
0.62	0.45396213213886805	-4.521196442130879	0.0003104164216576333	0.00032427179965743846
0.63	0.5020943489995178	-4.638024505677198	0.00039386534557372954	0.00042441870956899663
0.64	0.5532620765371512	-4.755194779170985	0.0004974662308301347	0.0005526501424988339
0.65	0.607681152840055	-4.8725809629127514	0.0006255519419362532	0.0007160711689433441
0.66	0.6655840826631314	-4.990036292283831	0.000783277297110363	0.0009233972211948327
0.67	0.727225485447649	-5.10739506899537	0.0009767547529841991	0.0011852796666484977
0.68	0.7928829886839663	-5.224467260904111	0.0012132105688387185	0.0015146891203148272
0.69	0.8628590657208206	-5.341035439664948	0.0015011622020160154	0.0019273663022989496
0.7	0.93748107347897	-5.456851574565601	0.0018506214225824102	0.0024423520147536237
0.71	1.0171058636591228	-5.571632565108661	0.0022733245138302216	0.003082607189664799
0.72	1.1021194552232911	-5.6850553312728245	0.0027829923321056604	0.0038757375582179066
0.73	1.1929403832817682	-5.796751334626592	0.0033956273111561686	0.004854839890782614
0.74	1.2900230093909144	-5.906305082906869	0.004129843654455456	0.006059489572958654
0.75	1.3938554260410676	-6.013237589666758	0.005007244941528377	0.007536881216118729
0.76	1.5049680629613533	-6.117013971589682	0.0060528391663607906	0.009343169299960152
0.77	1.6239306446416153	-6.217019729908788	0.007295510532583371	0.011545000186696797
0.78	1.7513575339177132	-6.312568018179363	0.008768534211593959	0.014221316038522502
0.79	1.887911746451035	-6.402875339086464	0.010510152848872245	0.017465404694352316
0.8	2.034303423402328	-6.487065965869302	0.01256420280341164	0.021387314682755232
0.81	2.19129764249399	-6.564145123459426	0.014980797743874064	0.026116584914756658
0.82	2.3597161756245697	-6.632999765581722	0.017817060998318368	0.03180544637246285
0.83	2.540437141586411	-6.692379193074153	0.02113791860769254	0.0386324760770016
0.84	2.734404279269337	-6.740878187385302	0.025016906006649187	0.0468067888220709
0.85	2.9426275534396105	-6.776923730197794	0.029537019613247395	0.05657286592161981
0.86	3.1661871334623104	-6.798753413733813	0.03479155876152085	0.06821606893710808
0.87	3.4062391271868115	-6.80439860843072	0.04088494454586922	0.08206894070664461
0.88	3.6640213138945166	-6.791662050511082	0.04793345346914091	0.09851838932214463
0.89	3.9408487439480453	-6.7580832230666985	0.0560659300639319	0.11801378483711744
0.9	4.23813824914232	-6.700929928405621	0.06542408587593052	0.1410763104808339
0.91	4.557394676770857	-6.617149728447895	0.07616286694272745	0.16830925574403466
0.92	4.9002269566383045	-6.503347368071914	0.08845020891872934	0.20040979737698095
0.93	5.268350848192556	-6.355732512362273	0.10246649074927205	0.23818193747489858
0.94	5.663598601458764	-6.170095284011275	0.11840328559695656	0.28255131124262434
0.95	6.087918202231835	-5.941740778506251	0.13646154630298568	0.3345810073881239