0.	0.	0.	0.	0.
0.01	0.0016761577240558267	-0.003356829628816893	5.329070518200751e-15	8.881784197001252e-16
0.02	0.0035681747198985647	-0.006993193016009869	4.973799150320701e-14	2.6645352591003757e-14
0.03	0.005678053423714857	-0.010878287559437538	0.	0.
0.04	0.008011727711192407	-0.014975821125972288	-1.4210854715202004e-14	-6.927791673660977e-14
0.05	0.010568695978392384	-0.01925743493454668	4.263256414560601e-14	5.3290705182007514e-14
0.06	0.013348760862307074	-0.02369711760364268	-9.947598300641403e-14	1.8829382497642655e-13
0.07	0.01634736389988234	-0.028260659613071226	-2.2737367544323206e-13	-1.4210854715202004e-14
0.08	0.01956931445340615	-0.03292986302442813	-3.268496584496461e-13	5.613287612504791e-13
0.09	0.022999468527345357	-0.03767170469644299	-1.1510792319313623e-12	-3.907985046680551e-13
0.1	0.026641800712638997	-0.04247368509090421	-7.275957614183426e-12	-4.192202140984591e-13
0.11	0.030477867317131313	-0.0472982321354678	-2.738431703619426e-11	-7.389644451905042e-12
0.12	0.03449034790523342	-0.05215636151463343	-8.142819751810748e-11	-3.2173375075217336e-11
0.13	0.03869865290249663	-0.056979836499465364	-2.2301094304566504e-10	-1.1165468549734214e-10
0.14	0.04309658522365112	-0.061788864457270165	-5.61954038857948e-10	-3.491038569336524e-10
0.15	0.0476534932257664	-0.06655129548306604	-1.3010890143050347e-9	-9.72363523032982e-10
0.16	0.05238206884857277	-0.07126310763709398	-2.797946763166692e-9	-2.4818973543005995e-9
0.17	0.05725365431581508	-0.07589786605572613	-5.638952416120446e-9	-5.8903708577418e-9
0.18	0.06226366861517363	-0.08045947190750269	-1.0702791541916667e-8	-1.3096112638777413e-8
0.19	0.06741616534969808	-0.08490695868704279	-1.9214041913073743e-8	-2.752989303189679e-8
0.2	0.07267822575022365	-0.0892635742173411	-3.271209436661593e-8	-5.5077634897315875e-8
0.21	0.0780481003741329	-0.0935128380404251	-5.29001340510149e-8	-1.0544826523073425e-7
0.22	0.0835161014522825	-0.09762665373264667	-8.123311090457719e-8	-1.9407622176004224e-7
0.23	0.08907646478384379	-0.10159436185190884	-1.1812407763045485e-7	-3.4474348353796813e-7
0.24	0.09470788834813249	-0.10543949854226753	-1.6155777160520302e-7	-5.930188820002513e-7
0.25	0.10040773995606855	-0.10913415448476371	-2.049037632900763e-7	-9.907186608870688e-7
0.26	0.10617193439003358	-0.11269978837646022	-2.33547609695961e-7	-1.6115251924020413e-6
0.27	0.11197392537930284	-0.11608712838079782	-2.200693529630371e-7	-2.5579595330782467e-6
0.28	0.11780970374905309	-0.11934181465611005	-1.174199439901713e-7	-3.969782483181916e-6
0.29	0.1236782213285963	-0.12243461259319588	1.5036033573778695e-7	-6.0340186962548614e-6
0.3	0.12955760026582652	-0.1253482398740573	7.004633744145394e-7	-8.99665050724252e-6
0.31	0.13542821349388845	-0.12810956666143625	1.7073819975621518e-6	-0.00001317605094186547
0.32	0.1413325005282644	-0.13070122103482618	3.423405672720037e-6	-0.000018978212210640777
0.33	0.14719300055183737	-0.13315467365563904	6.204432501988322e-6	-0.0000269134809229854
0.34	0.15306400646972662	-0.135421263699385	0.000010541932319085845	-0.000037615281144098844
0.35	0.15886253702019104	-0.13755049263542674	0.000017101792593621212	-0.000051859660459285806
0.36	0.16466159466986596	-0.13952554193588185	0.000026771546906445565	-0.00007058679210558694
0.37	0.17040009667219636	-0.14130552637351457	0.000040716571021448544	-0.00009492241710518101
0.38	0.17612023325978043	-0.14296007664896138	0.00006044600173282788	-0.00012620077447422773
0.39	0.18177308792965619	-0.14442723855651707	0.00008789127587505163	-0.00016598624210928392
0.4	0.18736191976184102	-0.14579501278527118	0.00012549468235079075	-0.00021609572715419745
0.41	0.19289558473857227	-0.1469844492192749	0.0001763153103340187	-0.00027861917442351114
0.42	0.19835831190866315	-0.14802734591364697	0.0002441453275707772	-0.0003559378238833233
0.43	0.20378014789871202	-0.14895491860846732	0.0003336457254619063	-0.0004507409756513425
0.44	0.20910624319305526	-0.1496836871320113	0.0004504995370311349	-0.0005660360986610158
0.45	0.2143714723545429	-0.15031754112274598	0.0006015769325102838	-0.0007051607696553219
0.46	0.21960979014418314	-0.1508079896957497	0.0007951314304293078	-0.0008717826827080444
0.47	0.22473732044576877	-0.15115385736038434	0.0010410070010209438	-0.0010698905484218812
0.48	0.22983180271403114	-0.15138537070399138	0.0013508682688865292	-0.001303794994541363
0.49	0.23486776275940713	-0.15144853562243554	0.0017384657219423616	-0.0015780947440333648
0.5	0.23986268581475656	-0.15135741097839173	0.002219905068145067	-0.0018976546623434842
0.51	0.24483469106772304	-0.15112847305934451	0.002813953380638168	-0.0022675626650396907
0.52	0.2497899337606242	-0.15076754327174058	0.003542375532660458	-0.0026930722343649904
0.53	0.25472351103726965	-0.1501948171950005	0.004430303819717096	-0.0031795325090371307
0.54	0.25967132781320856	-0.14945139010367825	0.005506596724444535	-0.003732319314465826
0.55	0.26466832209622737	-0.14852956476268275	0.00680428477492967	-0.0043567355404547925
0.56	0.2697497617451745	-0.14734251631661266	0.008361025636844488	-0.005057869992853625
0.57	0.2748718378651773	-0.14593961589230275	0.010219511453826158	-0.005840482555555582
0.58	0.2800992563518747	-0.1443326330237369	0.012428056181420288	-0.006708871522008053
0.59	0.2854818433445274	-0.14233880184929149	0.015041199508829095	-0.007666629456949181
0.6	0.2910281480551902	-0.14002006906268605	0.018120100202835943	-0.008716533474554922
0.61	0.29678568212776213	-0.1372872573632833	0.021733320067838235	-0.009860244235284199
0.62	0.30278257053421953	-0.13414807031826115	0.025957345988118163	-0.011098135463043945
0.63	0.3091207852330484	-0.13041413027465865	0.03087753788501857	-0.012428992121684246
0.64	0.31571914362586995	-0.12614421322953717	0.03658827237904916	-0.013849495361213826
0.65	0.3228138169987744	-0.12116328223822848	0.04319458464247816	-0.015354576676287479
0.66	0.3303063575217777	-0.11547575598837057	0.05081195908557845	-0.01693609947216146
0.67	0.33830606986867906	-0.10884951656512953	0.05956824039918729	-0.018583122936689733
0.68	0.3468825408062912	-0.1012239741197618	0.0696035110045159	-0.020281423672926735
0.69	0.3561168639447345	-0.09245282107448105	0.08107176838244357	-0.02201295414322857
0.7	0.36602707802047973	-0.08237635673449262	0.09414134615711589	-0.023755052883643657
0.71	0.37674642011175763	-0.07086863400609644	0.10899614928906942	-0.025481015701274146
0.72	0.38835184011323065	-0.057682920697878615	0.1258372374924761	-0.027158093053152754
0.73	0.4008440407606315	-0.04255940247061574	0.14488303915798895	-0.02874714434106096
0.74	0.41434653574334845	-0.025317597899693567	0.16637055405061574	-0.030203591897183912
0.75	0.4290126992669343	-0.005730071304355988	0.19055743252357615	-0.03147591760603774