0.	-2.044520107273911	-3.427360497862537	0.	0.
0.01	-2.0895065213576345	-3.4497633562650662	-3.183231456205249e-12	-1.000444171950221e-11
0.02	-2.1350252115585135	-3.471433089200218	-4.092726157978177e-12	-7.275957614183426e-12
0.03	-2.1813283476590186	-3.492558261717022	-1.5006662579253316e-11	-1.9099388737231493e-11
0.04	-2.228701139174518	-3.5132415804228003	-3.8198777474462986e-11	-1.6370904631912708e-11
0.05	-2.2770128567665324	-3.53311292768376	-3.092281986027956e-11	-1.546140993013978e-11
0.06	-2.325870021966921	-3.5525973857138524	-1.1368683772161603e-11	-7.275957614183426e-12
0.07	-2.375930030264726	-3.571254417965065	4.547473508864641e-13	0.
0.08	-2.4268868893650506	-3.5892987150928093	-3.3651303965598345e-11	-1.7280399333685637e-11
0.09	-2.4786570643427694	-3.6064937983264826	-9.049472282640636e-11	2.3646862246096134e-11
0.1	-2.531247139124389	-3.6229179327001475	-3.2741809263825417e-11	-6.184563972055912e-11
0.11	-2.584874188276217	-3.638591533118415	-7.139533408917487e-11	-8.185452315956354e-12
0.12	-2.6393986616099028	-3.6534417767989	-1.3324097380973399e-10	-7.275957614183426e-12
0.13	-2.6945490447037628	-3.667243390450494	-2.0611423678928986e-10	3.54702933691442e-11
0.14	-2.7508436481015224	-3.680301212577433	-3.6413894122233614e-10	1.837179297581315e-10
0.15	-2.807921113583234	-3.692257867153785	-9.33255250856746e-10	6.129994289949536e-10
0.16	-2.8659305639364447	-3.7032655651228197	-1.8213768271380104e-9	1.761691237334162e-9
0.17	-2.924721622449624	-3.713315242983299	-3.5936409403802827e-9	4.5311026042327285e-9
0.18	-2.9844560594272025	-3.7222188379596446	-6.5690528572304174e-9	1.0928943083854392e-8
0.19	-3.0450280578205593	-3.7299906675757484	-1.1614133654802572e-8	2.4328528525074944e-8
0.2	-3.106255162884395	-3.736706479127861	-1.83810016096686e-8	5.173933459445834e-8
0.21	-3.1683774705029464	-3.7422296205227212	-2.6062025426654145e-8	1.0467010724823922e-7
0.22	-3.2312145964720003	-3.7465650398121397	-3.048262442462146e-8	2.026154106715694e-7
0.23	-3.294949156574603	-3.749598951088956	-2.2178937797434628e-8	3.7793961382703856e-7
0.24	-3.3593518437132843	-3.7514453515195783	1.984426489798352e-8	6.80799985275371e-7
0.25	-3.4245432692905524	-3.7519604545714174	1.3589306036010385e-7	1.1881088539666962e-6
0.26	-3.490390684457452	-3.751301012919612	3.993611699115718e-7	2.0143129404459614e-6
0.27	-3.556905408954208	-3.749242566816065	9.37420736590866e-7	3.3249925763811916e-6
0.28	-3.6241678154392503	-3.7458280025934982	1.961762109203846e-6	5.353639608074445e-6
0.29	-3.692036398105529	-3.741096190008193	3.8133657653816044e-6	8.422691280429717e-6
0.3	-3.760518272387344	-3.7350468809836457	7.026250841590809e-6	0.000012966780559509061
0.31	-3.8296249053141764	-3.727588403467962	0.000012417362995620351	0.00001955863217517617
0.32	-3.899288657575198	-3.718810501311509	0.000021209596752669313	0.00002893584951380035
0.33	-3.9695905651005887	-3.7086769513016407	0.000035198949262849055	0.000042026406390505144
0.34	-4.040441290161425	-3.697222144346597	0.00005697915980817925	0.000059968148889311124
0.35	-4.111775482906296	-3.6844393837241114	0.00009023810048347514	0.00008411821954723564
0.36	-4.183646183874771	-3.670332045561736	0.00014014929729455616	0.00011604291375988396
0.37	-4.25609037298932	-3.654966018683126	0.00021387665265137912	0.00015747728593851207
0.38	-4.328936748501292	-3.6384169256907626	0.0003212276310478046	0.00021024157786087017
0.39	-4.4023570621818635	-3.620612722373153	0.00047548849420309125	0.0002760912188932707
0.4	-4.476188006086659	-3.6017720683021253	0.0006944827068764425	0.0003564773262496601
0.41	-4.550528096407788	-3.5818052126485327	0.0010019099549936072	0.0004521826228938153
0.42	-4.6253340793659845	-3.560841385216918	0.001429026998266636	0.0005627894358894991
0.43	-4.700604890743762	-3.539049846207263	0.0020167468326235394	0.0006859222958155442
0.44	-4.7763800653142425	-3.5164728727470447	0.002818254316935054	0.0008161964522059861
0.45	-4.8525893903731685	-3.4932690580262715	0.0039022476596528577	0.0009437794710720482
0.46	-4.929261256199425	-3.469548506101546	0.005356948828875829	0.0010524517126668798
0.47	-5.006390700616748	-3.445555271393232	0.00729504887863186	0.0011170225263867906
0.48	-5.083936016384541	-3.4214464897090693	0.009859794117801357	0.0010999192757026321
0.49	-5.161923573900822	-3.3975035199873673	0.013232467935267778	0.0009467232735005382
0.5	-5.240202364824654	-3.3739798500248526	0.01764157116053866	0.0005803629583169823
0.51	-5.318855161054898	-3.351233857779789	0.023374089271101184	-0.00010639041147442185
0.52	-5.397684799739636	-3.329677853581188	0.030789300354626903	-0.0012605710001025727
0.53	-5.476590944267173	-3.3097773818269616	0.04033572021853615	-0.0030813853932158963
0.54	-5.5554038029740695	-3.292093912776636	0.05257188852283434	-0.005836000128965679
0.55	-5.633862242932764	-3.277330694944567	0.06819191059571494	-0.009879622286916856
0.56	-5.711709473003793	-3.2662690313486564	0.08805684696335447	-0.015681034444696706
0.57	-5.788450652499023	-3.2598772821686453	0.11323341239062756	-0.02385493992460397
0.58	-5.863579483031117	-3.2593108012235916	0.14504173187970082	-0.03520293818155551
0.59	-5.936422436810517	-3.265966830124853	0.1851144401732654	-0.05076538242974493
0.6	-6.0059977667876865	-3.281501830864272	0.23546996083950944	-0.07188693859484374
0.61	-6.0712153712142936	-3.3079320201109113	0.29860379330420983	-0.10029955134655211
0.62	-6.1305813760732235	-3.347719656791014	0.37760240060651995	-0.1382273632145825
0.63	-6.182217937457153	-3.40383252333379	0.4762859737584222	-0.1885195443444445
0.64	-6.223790727718551	-3.4797993904006717	0.5993880055616501	-0.2548188112526759
0.65	-6.252330560972041	-3.580025668512917	0.7527823089644698	-0.3417750106842732
0.66	-6.26410857959263	-3.709787304321708	0.9437708485691019	-0.45531691684038833
0.67	-6.254450241340237	-3.875562520735457	1.1814510036290358	-0.6029982905441784
0.68	-6.217493998663713	-4.085250109641493	1.4771862600982786	-0.7944397212885406
0.69	-6.14589403093737	-4.348534811266404	1.8452124210762122	-1.041894082509657
0.7	-6.030387072415124	-4.677347794415823	2.30342330017902	-1.3609723788363226
0.71	-5.859389864020386	-5.086294356351914	2.8743941013219683	-1.7715782758858722
0.72	-5.618294530547701	-5.593561252526911	3.5867245581296174	-2.2991150633639563
0.73	-5.288694010467907	-6.221629062828924	4.476809784953048	-2.97605171480609
0.74	-4.84728984739786	-6.998527737171116	5.591194715334723	-3.8439597782275996
0.75	-4.264527631536339	-7.959357340705651	6.989724582441113	-4.956178777533296