0.	0.	0.	0.	0.
0.01	-0.0018085472628674992	0.00036426376614429046	-1.3322676295501878e-15	3.552713678800501e-15
0.02	-0.0038107050244535756	0.00042521645470472436	-3.4638958368304884e-14	-7.105427357601002e-15
0.03	-0.006025496078151171	0.00016774934434948818	-4.8405723873656825e-14	2.1316282072803006e-14
0.04	-0.008472162850474696	-0.00042387926592368785	-4.263256414560601e-14	-3.552713678800501e-14
0.05	-0.011171738918895002	-0.0013669777748788192	-1.5365486660812167e-13	-8.526512829121202e-14
0.06	-0.014149273875065482	-0.0026781197339715845	-6.217248937900877e-15	0.
0.07	-0.017424545286461424	-0.004375681469809933	-2.6290081223123707e-13	-1.4210854715202004e-14
0.08	-0.021026294771658627	-0.0064779931199296925	-7.815970093361102e-14	-2.842170943040401e-14
0.09	-0.024985291772566143	-0.009002943348264125	3.126388037344441e-13	-9.094947017729282e-13
0.1	-0.02932528385839106	-0.011973264378539739	1.9326762412674725e-12	-3.808509063674137e-12
0.11	-0.034082203214751416	-0.015409030787040479	7.929656931082718e-12	-1.6342482922482304e-11
0.12	-0.03928788497393043	-0.01932848754876204	1.936939497682033e-11	-5.53086465515662e-11
0.13	-0.044981102267421136	-0.02375809032011489	4.32791580351477e-11	-1.7121237760875374e-10
0.14	-0.051200308094962566	-0.02871796479954014	7.568701221316587e-11	-4.787352736457251e-10
0.15	-0.05798363279077989	-0.03423078816626912	8.309086751978612e-11	-1.2364296253508655e-9
0.16	-0.06538181932715759	-0.04032312336630639	-5.896083621337311e-11	-2.9768898457405157e-9
0.17	-0.07343717860682375	-0.04701994311963631	-7.088232223395607e-10	-6.724576451233588e-9
0.18	-0.08220362161452499	-0.05434394255595976	-2.728441472754639e-9	-1.4366889899974922e-8
0.19	-0.09173392864484242	-0.06232273297050028	-8.022666975193715e-9	-2.9182587013565353e-8
0.2	-0.10208537544298224	-0.07098609958541147	-2.046859037818649e-8	-5.664381319547829e-8
0.21	-0.11331914837256818	-0.08036148161230017	-4.750012294607586e-8	-1.0548936302257061e-7
0.22	-0.12550341023018063	-0.09047617103152561	-1.0269116046401905e-7	-1.891575323043071e-7
0.23	-0.13870737653448373	-0.10135579144295548	-2.0976847281417577e-7	-3.2756065593275707e-7
0.24	-0.15300823329613422	-0.11303504868749314	-4.087407319275371e-7	-5.491536683166487e-7
0.25	-0.1684817645754606	-0.1255446336094792	-7.649160238543118e-7	-8.932057653510128e-7
0.26	-0.18521393890776494	-0.13891843437232865	-1.38190657139603e-6	-1.4119427476089186e-6
0.27	-0.20330142453616418	-0.1531833782747185	-2.4199666768254247e-6	-2.172219382146068e-6
0.28	-0.2228329066811625	-0.1683777393543835	-4.121360774433924e-6	-3.255850529626514e-6
0.29	-0.24391692021873723	-0.18453061352302313	-6.844850673815017e-6	-4.757827241519408e-6
0.3	-0.26666798497885225	-0.20167882738755338	-0.000011111853979173247	-6.7806610530851685e-6
0.31	-0.29119846735386545	-0.21985655947963778	-0.00001766739026720643	-9.423055544743875e-6
0.32	-0.31763415484172697	-0.23910103114599224	-0.000027559510812125154	-0.000012760082526597216
0.33	-0.3461149198963085	-0.25944768294566245	-0.000042241728323233474	-0.000016811185290066533
0.34	-0.3767805718568411	-0.2809335760341156	-0.00006370362561369802	-0.000021491411033025543
0.35	-0.409784431885015	-0.303594227497058	-0.00009463607204907021	-0.00002653966902244065
0.36	-0.4452958286859712	-0.32746927114246205	-0.00013863833763139155	-0.00003141633645498132
0.37	-0.48348360686810565	-0.35260024732210127	-0.000200475980847159	-0.000035160303241354995
0.38	-0.5245422400651876	-0.37901784834502905	-0.0002863997833060239	-0.000036193289929542516
0.39	-0.5686706942497608	-0.40676839565482226	-0.0004045380300965462	-0.0000320558658728487
0.4	-0.6160846619149254	-0.4358877850146854	-0.0005653766692148565	-0.000019056320397226045
0.41	-0.6670179538339198	-0.46641511665620783	-0.0007823443268364372	8.191421045466996e-6
0.42	-0.7217159517684877	-0.49839132465737634	-0.001072523135803749	0.00005736991830929128
0.43	-0.7804480407849042	-0.531854669255452	-0.001457509273109281	0.00013923596911524783
0.44	-0.8435006241981284	-0.5668423003091618	-0.001964453066449323	0.00026861881583784
0.45	-0.9111853056912196	-0.6033891779685234	-0.0026273139799002365	0.0004656915367533543
0.46	-0.9838296837215807	-0.6415380090788858	-0.003488373255947863	0.0007575841889888579
0.47	-1.061801735512148	-0.6813186967413998	-0.004600056811938202	0.001180417192273353
0.48	-1.1454874356474534	-0.7227596170452841	-0.006027131888174608	0.0017818593990384102
0.49	-1.2353108286351357	-0.7658951071494045	-0.007849357449117633	0.0026243289622058796
0.5	-1.3317324363624437	-0.8107427502711388	-0.010164683098963678	0.003788993681261843
0.51	-1.4352518145937552	-0.8573212254850375	-0.013093121154014398	0.005380754485337036
0.52	-1.5464167158470161	-0.9056407854519364	-0.016781436525718618	0.007534444620191039
0.53	-1.6658261642529624	-0.95569554095934	-0.021408853107601544	0.01042253130913906
0.54	-1.7941386626463043	-1.0074720859064925	-0.027193998350384163	0.014264675264712423
0.55	-1.9320806304648386	-1.0609338459521105	-0.03440340584009505	0.019339585896290146
0.56	-2.0804585139635776	-1.11602144046757	-0.04336193463242921	0.025999735611371477
0.57	-2.240165139975005	-1.1726427268746917	-0.054465600879041176	0.03468961197960141
0.58	-2.41220012169714	-1.2306649754178522	-0.06819744096145541	0.04596837694815292
0.59	-2.597687193911952	-1.2899032637847583	-0.08514717857926257	0.060538031100140444
0.6	-2.797892927417479	-1.3500970634906508	-0.10603573092527085	0.07927845590186422
0.61	-3.014247833230286	-1.4108977696082832	-0.13174582872522933	0.10329110532800101
0.62	-3.248391858837806	-1.4718377296567127	-0.1633605163000027	0.13395351028173152
0.63	-3.5022000397949853	-1.5322871797977484	-0.20221159445506487	0.17298751707811988
0.64	-3.7778384918457846	-1.5914158477468305	-0.24994105450267057	0.22254484429102206
0.65	-4.07781566052094	-1.6481263249573175	-0.30857903679381593	0.2853147185122644
0.66	-4.4050633203210054	-1.7009677375194485	-0.3806434875766911	0.364659498126759
0.67	-4.76302187017356	-1.748030463442607	-0.46926772934853034	0.4647863349567274
0.68	-5.155754000155895	-1.7868018282843536	-0.5783649464479765	0.5909649956404444
0.69	-5.588085260549093	-1.8139785444405554	-0.7128405362011847	0.749805450347214
0.7	-6.0657815122172	-1.8252132267907761	-0.8788683040432659	0.9496125285017847
0.71	-6.595768737100826	-1.8147840316304027	-1.084250751431199	1.2008417241369642
0.72	-7.186416518540341	-1.775149288834342	-1.3388919069068095	1.5166865141983834
0.73	-7.8478932900102905	-1.6963531972324475	-1.655420461754602	1.9138399276559994
0.74	-8.592618307145273	-1.5652410871365667	-2.0500164274504584	2.4134853773936342
0.75	-9.435849388653736	-1.3643742013709819	-2.5435134587637265	3.042594661440276