0.	-1.2919593168793866	-2.2833193228300925	0.	0.
0.01	-1.253943240888523	-2.256838562312976	-1.176836406102666e-14	-1.021405182655144e-14
0.02	-1.2171934325797145	-2.230365708293096	2.6423307986078726e-14	-6.306066779870889e-14
0.03	-1.1816809168770703	-2.2039419192012564	-1.645350522494482e-13	-5.906386491005833e-14
0.04	-1.1473751440395494	-2.1776063111153277	-1.376676550535194e-13	-3.241851231905457e-14
0.05	-1.1142442175350724	-2.151396092426561	-1.6009416015094757e-13	-1.6209256159527285e-13
0.06	-1.0822553163608815	-2.1253465101141105	1.3788969965844444e-13	-2.637889906509372e-13
0.07	-1.0513735386463336	-2.0994908939936927	1.5121237595394632e-13	-1.9406698470447736e-13
0.08	-1.0215639476880163	-2.073860405924144	1.794120407794253e-13	-2.495781359357352e-13
0.09	-0.9927903582413122	-2.0484839504023933	-2.864375403532904e-14	-2.859934511434403e-13
0.1	-0.9650159450690527	-2.0233889028104795	8.504308368628699e-14	1.0169642905566434e-13
0.11	-0.9382027398867316	-1.998599913972889	3.1397107136399427e-13	-6.88116230662672e-13
0.12	-0.9123135491363932	-1.9741394991470607	-8.970602038971265e-14	-4.163336342344337e-13
0.13	-0.8873095435600238	-1.9500281435077786	5.082601006733967e-13	4.0323300254385686e-13
0.14	-0.8631520804780881	-1.9262840516516069	-3.9879211044535623e-13	-4.782840790085174e-13
0.15	-0.8398026428303722	-1.9029232583758589	4.1100456371623295e-13	-8.757439218243235e-13
0.16	-0.8172218977452894	-1.879959584610221	-5.773159728050814e-14	-6.092903959142859e-13
0.17	-0.7953714311983362	-1.8574047172968715	-1.3273826482418372e-12	6.918909889463976e-13
0.18	-0.7742127778774077	-1.8352680153276189	-5.610623077245691e-12	-6.790124018607457e-13
0.19	-0.7537078747030945	-1.8135572430606026	-1.2756906642152899e-11	-2.3021584638627246e-12
0.2	-0.7338187242415672	-1.7922776193122063	-3.0716984511514056e-11	-6.5356609013633715e-12
0.21	-0.7145089816521499	-1.7714324255511547	-7.020917180966535e-11	-1.9513057836206826e-11
0.22	-0.6957419425412845	-1.751023024815635	-1.52845291978565e-10	-5.397637892201601e-11
0.23	-0.6774822659690183	-1.7310488721198467	-3.1807090294933005e-10	-1.3339840343462583e-10
0.24	-0.6596948389893225	-1.7115075080899513	-6.345746150770992e-10	-3.117057723045491e-10
0.25	-0.642346198033553	-1.6923947684150882	-1.2247283187605262e-9	-6.917419970164929e-10
0.26	-0.6254037354082509	-1.6737045982530523	-2.286616895830207e-9	-1.4631260647490762e-9
0.27	-0.6088357239552464	-1.6554298099463154	-4.139228293453812e-9	-2.9809630319732605e-9
0.28	-0.5926126067711077	-1.6375611544572646	-7.278327718296396e-9	-5.859376539518735e-9
0.29	-0.5767052457720463	-1.6200881380556758	-1.245991798626278e-8	-1.1151676471143901e-8
0.3	-0.5610862066302995	-1.6029988989150221	-2.0793493149540154e-8	-2.061397252894892e-8
0.31	-0.5457297221033408	-1.5862803126800789	-3.3869769655581194e-8	-3.7104120220732284e-8
0.32	-0.5306109672293751	-1.5699181287201196	-5.390527313409166e-8	-6.516710238102519e-8
0.33	-0.5157069691756051	-1.5538969538239054	-8.391521655326528e-8	-1.118897019480869e-7
0.34	-0.5009970644365891	-1.5382007697051256	-1.2786560987798623e-7	-1.8811565705156852e-7
0.35	-0.48646141016654787	-1.5228124084198245	-1.9080534441329178e-7	-3.1014306745014153e-7
0.36	-0.4720821407225325	-1.5077141051345395	-2.7895116994081093e-7	-5.020817770429176e-7
0.37	-0.4578432705070399	-1.4928874794965918	-3.995948723023446e-7	-7.990436172722326e-7
0.38	-0.4437300516758902	-1.4783137573133076	-5.6080666011038e-7	-1.2514431504406787e-6
0.39	-0.4297296992252587	-1.4639737105772772	-7.707413971491661e-7	-1.9306898684234852e-6
0.4	-0.4158318305244668	-1.4498480665538271	-1.0363934412893627e-6	-2.9366728511170948e-6
0.41	-0.4020270169745144	-1.4359172343453088	-1.3615058821470072e-6	-4.4074435161522985e-6
0.42	-0.3883079588723347	-1.4221616558012147	-1.7433260987020915e-6	-6.531669496823156e-6
0.43	-0.37466861608350355	-1.408562059385462	-2.1677458407198813e-6	-9.564447691179367e-6
0.44	-0.3611048093710679	-1.395099266130552	-2.6022351022891854e-6	-0.000013847239596964656
0.45	-0.3476146069181941	-1.381754587539897	-2.9859082552041727e-6	-0.000019832750121739906
0.46	-0.3341969241751943	-1.368509702203499	-3.2157425362555614e-6	-0.000028115724808097653
0.47	-0.3208526028871589	-1.355346883040966	-3.127916347600568e-6	-0.000039470801424856816
0.48	-0.3075833302026407	-1.342249418723608	-2.472814661536038e-6	-0.000054898643879974784
0.49	-0.2943931068558438	-1.3292008691847352	-8.821614005394274e-7	-0.00007568176993077991
0.5	-0.2812867277021004	-1.3161863037708916	2.173849089182056e-6	-0.00010345169628744877
0.51	-0.268270376870437	-1.303191421652337	7.441690685006108e-6	-0.00014026907963970991
0.52	-0.25535081919093117	-1.2902035620592043	0.000015954793046557558	-0.00018871886918048197
0.53	-0.24253666262846563	-1.2772106404574557	0.000029122247207136187	-0.0002520224992501596
0.54	-0.2298369456869102	-1.2642025845285967	0.00004883993267718045	-0.00033416953578013775
0.55	-0.21726158585563	-1.2511703592703585	0.00007762844414677117	-0.00044007109579835557
0.56	-0.20482061366875337	-1.2381070972174941	0.00011880326091201487	-0.0005757379852446842
0.57	-0.1925252007300276	-1.2250067353904868	0.00017668275957744006	-0.0007484861095918838
0.58	-0.1803864881502028	-1.2118658297020506	0.00025684178289259174	-0.0009671725619853078
0.59	-0.16841551904993546	-1.198682399074016	0.0003664178843798549	-0.0012424651899887174
0.6	-0.1566232444941541	-1.1854566018976673	0.0005144792945281917	-0.0015871494714800871
0.61	-0.1450203944170535	-1.1721908545716455	0.0007124656406762853	-0.0020164760831495876
0.62	-0.13361677735534533	-1.1588896369683517	0.0009747118057567561	-0.0025485523603712146
0.63	-0.12242127031391847	-1.145559932989127	0.0013190676651888	-0.003204782346910351
0.64	-0.11144176947340995	-1.1322111111890671	0.001767629861596287	-0.004010358796457947
0.65	-0.10068396671486579	-1.1188559764009052	0.002347600074782852	-0.004994810477670031
0.66	-0.09015189224198461	-1.105508899699175	0.0030922858196102965	-0.006192609738556065
0.67	-0.0798471478603634	-1.0921883126186775	0.004042270427893624	-0.007643844413897094
0.68	-0.06976788456380267	-1.0789154063531097	0.005246763763753659	-0.009394956087539041
0.69	-0.059909204066076194	-1.0657150731080662	0.006765169720267916	-0.011499551257176055
0.7	-0.05026143873817024	-1.0526156320235422	0.008668883876049749	-0.014019286261487185
0.71	-0.04081056947165246	-1.0396495396887793	0.011043366329542836	-0.017024832462714246
0.72	-0.03153627377335255	-1.0268533938309106	0.013990501494531238	-0.02059692015830694
0.73	-0.02241219695186969	-1.0142682737183448	0.017631306604050823	-0.024827473012271728
0.74	-0.013403788683134632	-1.0019405009540339	0.02210899486224671	-0.029820820365983547
0.75	-0.004468058415365128	-0.98992058577631	0.027592458231954775	-0.03569500689712002
0.76	0.004447816119809822	-0.9782661846180087	0.034280224822365035	-0.042583194741125485
0.77	0.013408606410533874	-0.9670405055741871	0.04240489063495945	-0.050635139670780704
0.78	0.022491883321217987	-0.9563126829877557	0.05223813333600247	-0.06001877982452597
0.79	0.03179014001584057	-0.9461596951341462	0.06409633581626373	-0.07092190392454545
0.8	0.04141220320929295	-0.9366667090170424	0.0783469117494986	-0.08355391717581706
0.81	0.05148681189777493	-0.9279267204348862	0.09541532414049647	-0.09814766306122369
0.82	0.06216372116556923	-0.9200420537158951	0.11579296594313693	-0.11496137384248928
0.83	0.07361718540608675	-0.9131248835056871	0.14004591774797492	-0.13428066278440132
0.84	0.08604869171700258	-0.9072984627260636	0.16882471047089453	-0.15642060092154875
0.85	0.09969121435019623	-0.9026966830679772	0.202875022867665	-0.18172783779246138
0.86	0.11481190294808608	-0.8994669468622039	0.2430497979885855	-0.21058280000765017
0.87	0.1317172480211226	-0.8977701857679574	0.29032230126002134	-0.24340189437920134
0.88	0.15075705796572847	-0.8977814858354773	0.345800830471261	-0.28063979284377627
0.89	0.17233027497647613	-0.8996919928385521	0.41074465891379686	-0.32279164661260973
0.9	0.19688990725616096	-0.9037098600682669	0.4865818063616554	-0.3703953823659818
0.91	0.22495091495146236	-0.9100616097109011	0.5749283338764539	-0.42403380371782706
0.92	0.25709632704109175	-0.9189930096786085	0.677609685826273	-0.48433684773175045
0.93	0.29398374518218917	-0.9307714732277543	0.7966839681286693	-0.5519836648705398
0.94	0.3363548003867316	-0.9456860888647647	0.934467274562466	-0.6277045286493506
0.95	0.3850454400760279	-0.9640510762136878	1.0935617255389607	-0.7122825501256682