0.	-0.07938132085232805	-0.05760767426445046	0.	0.
0.01	-0.07728517684896097	-0.060858744462810865	-3.0531133177191805e-16	-4.718447854656915e-16
0.02	-0.0749754802690899	-0.06404109543481254	-1.27675647831893e-15	-4.718447854656915e-16
0.03	-0.07246115487885191	-0.06713910161668676	-5.551115123125783e-17	6.106226635438361e-16
0.04	-0.06975181612824913	-0.0701380430389949	-2.3869795029440866e-15	1.6653345369377348e-15
0.05	-0.06685772268921875	-0.07302413540757266	6.661338147750939e-16	1.582067810090848e-15
0.06	-0.06378972090200447	-0.07578454132917936	5.717648576819556e-15	-3.608224830031759e-16
0.07	-0.06055919816630448	-0.07840739226714302	-4.496403249731884e-15	3.7192471324942744e-15
0.08	-0.05717798906213217	-0.08088175969608027	3.0531133177191805e-15	8.243405957841787e-15
0.09	-0.05365837392085329	-0.08319771742258555	-8.049116928532385e-15	7.66053886991358e-15
0.1	-0.05001299724632305	-0.08534632878351608	-3.164135620181696e-15	-5.218048215738236e-15
0.11	-0.046254789407505076	-0.08731955744939426	6.9111383282915995e-15	7.077671781985373e-15
0.12	-0.04239695954755057	-0.08911047415924123	-8.93729534823251e-15	1.1907141939104804e-14
0.13	-0.03845289733502519	-0.09071304306325384	-1.1102230246251565e-15	-2.831068712794149e-15
0.14	-0.034436138326016	-0.09212222516235091	-1.1629586182948515e-14	-9.2148511043888e-15
0.15	-0.03036030548714927	-0.093333949471721	-1.8290924330699454e-14	1.8457457784393227e-14
0.16	-0.026239055071717407	-0.09434510362878348	-2.1718737919229625e-14	7.355227538141662e-15
0.17	-0.02208602341184926	-0.09515352159870488	-1.687538997430238e-14	-1.8596235662471372e-14
0.18	-0.017914773781614934	-0.095757970699414	-5.3637649877202875e-14	-5.165312622068541e-14
0.19	-0.013738748897918623	-0.0961581404887395	-8.176792576364278e-14	-1.290079154614432e-13
0.2	-0.009571203887789842	-0.09635459836438445	-2.485373018501491e-13	-3.140820936664568e-13
0.21	-0.005425178326664726	-0.09634880691438719	-4.431177647035156e-13	-7.257250356218492e-13
0.22	-0.001313438886293844	-0.09614307312468034	-8.018030683842881e-13	-1.5496770533474091e-12
0.23	0.0027515745818756376	-0.09574052999748561	-1.4672013604055678e-12	-3.080813382183578e-12
0.24	0.0067577880308367505	-0.09514510647545771	-2.4322488467731773e-12	-5.941525049735219e-12
0.25	0.010693539982212813	-0.09436149723601003	-3.79254960769515e-12	-1.1055739657095387e-11
0.26	0.014547623441202792	-0.09339512831923252	-5.612579845326593e-12	-1.944737426651244e-11
0.27	0.01830933048324361	-0.09225212129934354	-7.420439263050582e-12	-3.26540461337288e-11
0.28	0.02196847261886649	-0.09093926061612784	-8.506875759373145e-12	-5.203804054332295e-11
0.29	0.02551545876549835	-0.08946393331779069	-7.0139727359475046e-12	-7.807368640477819e-11
0.3	0.028941287454559345	-0.08783411684684445	3.8344327712991344e-13	-1.0831821550816301e-10
0.31	0.0322375899214402	-0.08605830846193975	1.9319337796197544e-11	-1.3407590315761553e-10
0.32	0.035396674551518084	-0.08414549374810812	5.823060089671372e-11	-1.330813514943685e-10
0.33	0.03841153961871904	-0.08210509133275977	1.2927542369922662e-10	-5.850039896948545e-11
0.34	0.04127590331585583	-0.07994690378003239	2.4789164471128444e-10	1.8074837460080317e-10
0.35	0.04398421238284307	-0.07768106686592502	4.299663888818195e-10	7.508737659422948e-10
0.36	0.04653167681405482	-0.07531799484569193	6.864945417683899e-10	1.9423549713071253e-9
0.37	0.04891427044551015	-0.07286833071397769	1.0102553377189238e-9	4.244303658529347e-9
0.38	0.051128748131605006	-0.07034287232156448	1.3513971400258562e-9	8.456442893156613e-9
0.39	0.05317264650366076	-0.0677525432021743	1.5738804079457047e-9	1.5853420687328423e-8
0.4	0.05504429229572173	-0.06510831640432	1.382881156808402e-9	2.842279522852209e-8
0.41	0.05674278892527324	-0.06242116130734024	2.0636661129946887e-10	4.9202402513381926e-8
0.42	0.05826802703594759	-0.05970198509141067	-2.9906078100050415e-9	8.275534485457925e-8
0.43	0.05962065813795946	-0.05696157612801539	-9.989160533463437e-9	1.3582515706600518e-7
0.44	0.06080210883496517	-0.054210543594842286	-2.374117370057549e-8	2.1823409657173443e-7
0.45	0.06181451072080223	-0.051459257294126176	-4.899350542625358e-8	3.4409546531555257e-7
0.46	0.06266072103690523	-0.048717801183073145	-9.318561347559928e-8	5.334368670950607e-7
0.47	0.06334428095971878	-0.0459959092247913	-1.6772878257131918e-7	8.143490323186953e-7
0.48	0.0638693779763602	-0.04330291411489795	-2.897957348396707e-7	1.225805902893562e-6
0.49	0.06424081321005454	-0.04064769692232226	-4.847988142875348e-7	1.8213332280414551e-6
0.5	0.06446394614567161	-0.038038628527905766	-7.897804578105294e-7	2.6737407863020035e-6
0.51	0.06454466450080272	-0.03548353456208381	-1.2579977245880114e-6	3.881179970383064e-6
0.52	0.06448931857467374	-0.0329896410795395	-1.9650706671314744e-6	5.574841534045083e-6
0.53	0.06430466865146711	-0.03056353478307533	-3.017141185224226e-6	7.928665691825376e-6
0.54	0.06399781493824738	-0.028211123123014464	-4.5616118746899526e-6	0.000011171520668040724
0.55	0.06357613443761564	-0.02593759511417318	-6.801172077880446e-6	0.000015602352943677733
0.56	0.06304721006448803	-0.023747392691548602	-0.000010011964770351156	0.000021608969804937095
0.57	0.062418740944006	-0.021644176432852852	-0.000014566965765842876	0.000029691142589993724
0.58	0.061698470272135916	-0.01963079843528473	-0.00002096585323672906	0.00004048890042179787
0.59	0.06089408236209815	-0.017709279935744726	-0.00002987295312584931	0.000054816947563818275
0.6	0.06001311210624922	-0.015880785329977776	-0.0000421651015047389	0.00007370646027365924
0.61	0.059062842495629375	-0.014145603618641367	-0.000058991737046432124	0.00009845539283104277
0.62	0.05805019420938988	-0.012503125579427954	-0.00008184987351696205	0.0001306889476273554
0.63	0.05698159118295236	-0.010951832827129804	-0.000112677255281593	0.00017243170831038324
0.64	0.05586285647884132	-0.00948926469984046	-0.00015396734140479124	0.0002261937083811727
0.65	0.05469905743927767	-0.008111998778800478	-0.00020891077064085634	0.00029507231149733526
0.66	0.05349435186758117	-0.0068156346303585025	-0.0002815686482801061	0.0003828722324532019
0.67	0.05225183311683147	-0.0055947393386020505	-0.0003770834884116031	0.0004942473381808754
0.68	0.050973349136152694	-0.004442809025969885	-0.0005019354646030871	0.0006348662727772569
0.69	0.04965927455492801	-0.0033522324342056264	-0.0006642524802035962	0.0008116056437478814
0.7	0.0483083713780213	-0.0023141747424660353	-0.0008741823903920393	0.001032775630970706
0.71	0.0469172619354952	-0.0013185471922110281	-0.0011443438876109005	0.001308382048942569
0.72	0.04548068972068609	-0.00035380322508948847	-0.0014903558189313729	0.0016504253888500742
0.73	0.04399043793799311	0.0005931204791234101	-0.0019314849774416942	0.002073253895868876
0.74	0.04243579138032978	0.001537066328776704	-0.0024913925434592726	0.0025939572415111245
0.75	0.04080221022372397	0.0024948474915359453	-0.003199047172912965	0.003232832961208021
0.76	0.03907178925678437	0.003485531848063883	-0.004089767341999312	0.004013899805436538
0.77	0.03722162881299805	0.004530852858437129	-0.005206492504678126	0.004965508709322997
0.78	0.035224239792527555	0.005655485029366081	-0.006601223719584735	0.006121003420422655
0.79	0.03304593076631332	0.006887793612314064	-0.008336759810241054	0.00751950591415862
0.8	0.030646001266803433	0.00826020343143119	-0.010488703959659444	0.009206781172127698
0.81	0.027976348270155736	0.009809994793311683	-0.013147770949438913	0.011236205084512951
0.82	0.024979350248447232	0.011580181841755799	-0.016422534731228705	0.013669883193983212
0.83	0.021586846956892503	0.013620639860627337	-0.020442554808498353	0.016579891192131546
0.84	0.017718505300551884	0.015988954554831958	-0.02536201447558392	0.020049639734742053
0.85	0.013279277120465616	0.01875218151375435	-0.031363941295540876	0.024175469863567223
0.86	0.00815830410843825	0.02198793620966888	-0.03866498227854183	0.02906830678817518
0.87	0.002224582542876441	0.025786717894010547	-0.04752105989440045	0.03485566706512122
0.88	-0.0046746666139252935	0.03025366130568674	-0.05823363173994117	0.041683735578963876
0.89	-0.01271842367723186	0.03551129481294302	-0.07115707046177916	0.049719774992477817
0.9	-0.02211565234208207	0.04170168817639652	-0.08670692378665362	0.05915468637003052
0.91	-0.03311029210324701	0.04899010165729223	-0.10536946060150748	0.07020593956530119
0.92	-0.045986754585708	0.05756871332060065	-0.12771249429329423	0.08312079459360477
0.93	-0.0610759574523288	0.06765940072678633	-0.1543975771364215	0.09817960862424835
0.94	-0.07876307267147786	0.079520664698014	-0.18619402524413775	0.11570004595977501
0.95	-0.09949499769540915	0.09344968965742684	-0.22399461427057998	0.13604085664679566