0.	-0.6338298192243246	-0.7061000536913813	0.	0.
0.01	-0.645487358092131	-0.7124714932890409	-1.3322676295501878e-15	-1.3655743202889425e-14
0.02	-0.6574153010500512	-0.718824876495024	-5.10702591327572e-15	-4.884981308350689e-15
0.03	-0.6696209254607386	-0.7251551291160983	1.3100631690576847e-14	2.7533531010703882e-14
0.04	-0.6821114127285681	-0.7314568556878591	1.7763568394002505e-15	2.8199664825478976e-14
0.05	-0.6948939067696427	-0.7377244312680453	7.194245199571014e-14	-2.708944180085382e-14
0.06	-0.7079755084769563	-0.7439520158943009	-2.842170943040401e-14	5.306866057708248e-14
0.07	-0.7213632707064677	-0.7501335692954805	5.3512749786932545e-14	-8.615330671091215e-14
0.08	-0.7350641819472559	-0.7562629490554127	-8.260059303211165e-14	-7.771561172376096e-14
0.09	-0.7490852122526133	-0.7623336021076055	6.128431095930864e-14	-5.262457136723242e-14
0.1	-0.7634332441317595	-0.7683390790077382	-1.4210854715202004e-13	-1.376676550535194e-13
0.11	-0.7781151184874884	-0.7742727262131786	-3.1086244689504383e-15	7.260858581048524e-14
0.12	-0.7931376252726186	-0.7801277936183413	-4.440892098500626e-14	-4.107825191113079e-14
0.13	-0.8085075122275946	-0.7858974619391947	-2.8199664825478976e-14	5.10702591327572e-15
0.14	-0.8242314918013165	-0.7915748718281734	1.2256862191861728e-13	-6.639133687258436e-14
0.15	-0.8403162514399221	-0.7971531557419345	1.6653345369377348e-14	1.965094753586527e-13
0.16	-0.8567684693309934	-0.8026254725733544	1.8030021919912542e-13	-2.2648549702353193e-14
0.17	-0.8735948313737796	-0.8079850445873915	-1.4432899320127035e-14	-5.058176100192213e-13
0.18	-0.8908020532468752	-0.8132251973280145	3.3084646133829665e-13	-7.400746682151293e-13
0.19	-0.9083969048654184	-0.8183394033199187	1.1011191958232303e-12	-2.0170531911389844e-12
0.2	-0.9263862429710568	-0.8233213277202021	2.440048163521169e-12	-5.17497156238278e-12
0.21	-0.9447770464890024	-0.828164878566874	4.948041976149398e-12	-1.1362466523223702e-11
0.22	-0.9635764564274656	-0.832864260447939	1.0138334616272004e-11	-2.6695534671716814e-11
0.23	-0.9827918265504891	-0.8374140312796485	1.9580115306894186e-11	-5.913669554047374e-11
0.24	-1.0024307759509774	-0.8418091640243346	3.4883873567537194e-11	-1.269420124572207e-10
0.25	-1.022501253957091	-0.8460451138006491	5.838418637438281e-11	-2.6272317654729704e-10
0.26	-1.0430116115708423	-0.850117887128095	9.11595243735519e-11	-5.25855359256866e-10
0.27	-1.0639705813218652	-0.8540240711472316	1.2831180562500322e-10	-1.023573226177632e-9
0.28	-1.0853877745208025	-0.8577611057908778	1.523494663757674e-10	-1.937088267567333e-9
0.29	-1.1072731779510785	-0.8613270848962018	1.1833201085664768e-10	-3.5751570592879034e-9
0.3	-1.129637678384048	-0.864721040836697	-7.488676345701606e-11	-6.443122479993235e-9
0.31	-1.15249309024597	-0.867942997019806	-6.305789224114733e-10	-1.1358134432981615e-8
0.32	-1.175852307020059	-0.8709940775880058	-1.9400270279135157e-9	-1.960850370963385e-8
0.33	-1.199729469009543	-0.8738766213801217	-4.714115764414828e-9	-3.319758778985715e-8
0.34	-1.2241401494553594	-0.8765943091039543	-1.0197120925425907e-8	-5.5179375291203314e-8
0.35	-1.2491015650288992	-0.8791522973903834	-2.0509207887542402e-8	-9.013736645968606e-8
0.36	-1.2746328159410605	-0.881557363338878	-3.915597934778248e-8	-1.4485135091391044e-7
0.37	-1.3007551461323872	-0.8838180617900808	-7.180630601233418e-8	-2.2919537645549326e-7
0.38	-1.327492244907234	-0.8859448934856857	-1.2743718613705823e-7	-3.573627314068517e-7
0.39	-1.3548705775075813	-0.8879504887207315	-2.1999682431328438e-7	-5.494853776433217e-7
0.4	-1.3829197588911382	-0.889849804103021	-3.707959068677269e-7	-8.337699726190806e-7
0.41	-1.4116729745163294	-0.8916603369175089	-6.11893041568834e-7	-1.2492618544079903e-6
0.42	-1.441167447467318	-0.8934023597950254	-9.90824689184322e-7	-1.8494157441040215e-6
0.43	-1.4714449682849158	-0.8950991697582236	-1.5771497992034256e-6	-2.7065971264228494e-6
0.44	-1.5025524824186496	-0.8967773672793391	-2.4714259003744132e-6	-3.9177828061731645e-6
0.45	-1.5345427550907003	-0.8984671546691239	-3.817342661083245e-6	-5.611586691767201e-6
0.46	-1.56747511555571	-0.9002026660945055	-5.818069737761888e-6	-7.956968459676972e-6
0.47	-1.6014162911865177	-0.9020223276502999	-8.757989180319115e-6	-0.000011173791523599874
0.48	-1.6364413437544545	-0.9039692545254634	-0.000013031447330114077	-0.000015545515483772476
0.49	-1.672634724377238	-0.9060916868995248	-0.00001918046047566513	-0.00002143439482038545
0.5	-1.7100914515971843	-0.9084434756280535	-0.000027943819220332955	-0.00002929931988804313
0.51	-1.7489184383152037	-0.9110846168882545	-0.00004032064861170248	-0.0000397166290553308
0.52	-1.7892359811573566	-0.9140818535555946	-0.00005765217617703655	-0.000053404089717101755
0.53	-1.8311794287882317	-0.9175093455109868	-0.00008172625364433195	-0.00007124814370174093
0.54	-1.8749010565702962	-0.9214494251277685	-0.0001149103289337372	-0.00009433444766981935
0.55	-1.9205721656003527	-0.9259934525869529	-0.00016031974675767557	-0.0001239816458911136
0.56	-1.9683854355410006	-0.9312427901658378	-0.00022202968593831862	-0.00016177795207727996
0.57	-2.0185575571446375	-0.9373099177108957	-0.0003053409744979696	-0.00020962009259317682
0.58	-2.07133217690013	-0.9443197184449685	-0.00041711203037042566	-0.0002697536939750833
0.59	-2.126983395111967	-0.9524109950658213	-0.0005661718753140477	-0.0003448138458832517
0.6	-2.1858185867089786	-0.9617381375086627	-0.0007638319472880184	-0.00043786409686319416
0.61	-2.2481837125303636	-0.9724733068748437	-0.0010245187973549896	-0.0005524318767404779
0.62	-2.3144670120874595	-0.9848087944037767	-0.001366553079904964	-0.0006925371997734686
0.63	-2.385104186163251	-0.9989599676718965	-0.0018131065458555362	-0.0008627114216519516
0.64	-2.460583876683498	-1.0151687891629617	-0.002393374352678279	-0.0010680018252511303
0.65	-2.541453653706273	-1.033708083849942	-0.0031440076816613427	-0.0013139574277349908
0.66	-2.6283265217376286	-1.0548867471509302	-0.004110860621075574	-0.0016065907538171942
0.67	-2.7218879093512713	-1.0790561350690897	-0.005351115751982771	-0.0019523105568550747
0.68	-2.822903109720034	-1.1066179696850051	-0.00693586565224269	-0.002357820562468582
0.69	-2.9322250445134914	-1.1380341460247658	-0.008953242216116486	-0.0028299813619385716
0.7	-3.050801720462926	-1.1738391117038791	-0.011512202590464149	-0.0033756351926488293
0.71	-3.1796863212494406	-1.2146549287702317	-0.014747108594302727	-0.004001400749263695
0.72	-3.320039527424149	-1.2612102615825407	-0.018823234722374238	-0.004713447666222947
0.73	-3.4731421142158485	-1.3143670383513868	-0.02394342068558153	-0.005517302247401545
0.74	-3.640394479329963	-1.3751484187397054	-0.030356044230728685	-0.006417705206397173
0.75	-3.8233170747953804	-1.4447814842530633	-0.03836457391949555	-0.007418662937048737
0.76	-4.0235482247485574	-1.5247461477176287	-0.04833900400972624	-0.008523817820993429
0.77	-4.242830341779341	-1.6168417948915987	-0.060729448698250366	-0.00973741638238046
0.78	-4.482984255158527	-1.7232716905429317	-0.07608224135422947	-0.011066267392434881
0.79	-4.745866376635373	-1.8467527515436828	-0.09505887088337417	-0.012523329279828133
0.8	-5.033299041202473	-1.9906584496937665	-0.11845802597748989	-0.01413391169084477
0.81	-5.346961934300594	-2.159205661039323	-0.147240882819907	-0.01594602346981766
0.82	-5.688226495031959	-2.3577001295992908	-0.1825594566403117	-0.018047256884671015
0.83	-6.057906485594515	-2.5928607782989737	-0.22578722329041678	-0.020591948188503295
0.84	-6.455883665043938	-2.8732487964712234	-0.27855003581409843	-0.023844504132586763
0.85	-6.88054960140941	-3.2098432896439384	-0.34275317566117014	-0.02824828921138689
0.86	-7.3279675766736	-3.6168120380192015	-0.4205962971834163	-0.03453517795498229
0.87	-7.790608300287709	-4.112551750910114	-0.514560373378659	-0.04390040517867533
0.88	-8.255434424134148	-4.721121175914476	-0.6273367073737113	-0.058284445757252
0.89	-8.700932398298946	-5.474181778351408	-0.7616392080936887	-0.08083078311833702
0.9	-9.092488856208423	-6.413713339515276	-0.9197878305793257	-0.11664349139785912
0.91	-9.37497875328583	-7.595795455531103	-1.1028350682669803	-0.17406409492509312
0.92	-9.460604545700688	-9.095941272009327	-1.3087637209122178	-0.2668798808554982
0.93	-9.2082594038419	-11.016637554432165	-1.5287251326360227	-0.41826694315845003
0.94	-8.386831136528354	-13.498026804109372	-1.7389088156879957	-0.6681220610029186
0.95	-6.6063233646724235	-16.73254258417718	-1.8819586848095256	-1.0874021082224061