0.	-0.7198615762865277	-0.556169555989128	0.	0.
0.01	-0.7022058975952796	-0.549630889481867	3.599676112742145e-12	-3.764322187294056e-12
0.02	-0.6849313561867361	-0.5430388325449633	-1.9204637879965958e-12	-1.4351853039329399e-12
0.03	-0.668083106728161	-0.5364426549239351	-3.913980251013527e-12	3.7334579872094764e-12
0.04	-0.651731580113319	-0.5299058320771066	6.373679362070561e-12	-1.1146639167236572e-12
0.05	-0.6359123049295514	-0.5233560084475802	3.5821345889530676e-12	2.336020266113792e-12
0.06	-0.6204522269307639	-0.5168715298753285	5.669908986760674e-13	-9.820255719716897e-12
0.07	-0.6054416147148297	-0.5104031079660116	-2.3736568266485847e-13	-8.614775559578902e-12
0.08	-0.590743845207513	-0.5040127253339103	3.804401238483024e-12	2.6980639944440554e-12
0.09	-0.5765167427767397	-0.49763716052418794	-1.3939072118773765e-11	9.386935673205699e-13
0.1	-0.5627236809104826	-0.4912628475279231	-9.460210392830959e-13	-8.387623928740595e-12
0.11	-0.5492015429805589	-0.48498972204068785	-3.289279959517444e-11	-6.757588932870817e-11
0.12	-0.5360748230298972	-0.4787331740515731	-7.489431297358351e-11	-1.9284235319716458e-10
0.13	-0.5233115539916143	-0.4725193430894045	-1.5091161653657537e-10	-5.759619448042486e-10
0.14	-0.5108589400017695	-0.4664092353516549	-2.867748261081715e-10	-1.5234870032188041e-9
0.15	-0.4987313350576752	-0.4603210804255192	-2.883500105355097e-10	-3.828708294850713e-9
0.16	-0.486943889146648	-0.45433561034894215	2.534680798582656e-10	-8.78296385620203e-9
0.17	-0.47543131487184576	-0.44834582484920404	2.4286101463211196e-9	-1.886537859263626e-8
0.18	-0.46424933153206305	-0.4424965732726273	8.694163056155446e-9	-3.820270982890506e-8
0.19	-0.45334393691774133	-0.4366743817090281	2.4051278968428846e-8	-7.337869789569851e-8
0.2	-0.4427201814697929	-0.4309479489225108	5.7705316192091516e-8	-1.3424992717503414e-7
0.21	-0.43237352137641366	-0.42518606148242494	1.2612678512713416e-7	-2.3523320730189923e-7
0.22	-0.42224525700222076	-0.41963097495126894	2.569201004720689e-7	-3.9590850969828395e-7
0.23	-0.4123871642107214	-0.41406648374496124	4.94337951961743e-7	-6.421175269277768e-7
0.24	-0.4028559541829577	-0.4085647128254426	9.070897054597182e-7	-1.0059580374255361e-6
0.25	-0.393471521876841	-0.40314129786649333	1.5982128303004828e-6	-1.5253204638243645e-6
0.26	-0.38427683029559023	-0.39781571577002195	2.7178470609068306e-6	-2.2417672083108187e-6
0.27	-0.37548608668332584	-0.3925423663080572	4.4792307371532836e-6	-3.196674463024074e-6
0.28	-0.3667517209059998	-0.38729519264683626	7.178261559104282e-6	-4.424705545735819e-6
0.29	-0.3583304091677168	-0.382094749215906	0.000011216948858250309	-5.9436751687069744e-6
0.3	-0.3500753906215082	-0.3769610115630711	0.000017131304688500215	-7.740320855043059e-6
0.31	-0.3419516715201633	-0.3719847036764836	0.000025623620261316926	-9.750643104711187e-6
0.32	-0.33410840631314354	-0.3670142490274438	0.00003759965677802013	-0.0000118337098418686
0.33	-0.3264638392442625	-0.36210648949379454	0.000054210805647603166	-0.000013737985340711578
0.34	-0.31893365065339047	-0.35734283194002053	0.00007690115292069422	-0.000015058731405781511
0.35	-0.3116873698007326	-0.3525362718892132	0.00010745976435255766	-0.000015184560848868767
0.36	-0.3045457596144097	-0.347844031332931	0.0001480782379186807	-0.000013233510441135188
0.37	-0.29761690909881805	-0.3432481339169993	0.00020141283264729637	-7.97461976742575e-6
0.38	-0.29081608169872425	-0.33869661471640045	0.00027065217687782805	2.265084561081654e-6
0.39	-0.2841655446323174	-0.334259826047514	0.00035958892550708166	0.000019709126197142712
0.4	-0.27769888226202255	-0.32988096551395096	0.00047269618903700295	0.000047260362133649814
0.41	-0.271402692643648	-0.3256061724201808	0.0006152084689301507	0.00008864789380302884
0.42	-0.26521798858430107	-0.321407219522014	0.0007932060844543787	0.0001485972186113793
0.43	-0.2591906560910924	-0.3173827108025701	0.001013702272025463	0.00023302369500705078
0.44	-0.25328894825131276	-0.31344818440689454	0.0012847353980169895	0.0003492552221739387
0.45	-0.24748266664164711	-0.3096200875211833	0.0016154607614956573	0.0005062794495991896
0.46	-0.2418142452312052	-0.30604258358480124	0.002016243672294027	0.0007150208752574327
0.47	-0.23622714816786086	-0.3026078417483768	0.002498760984010695	0.0009886621347462432
0.48	-0.23069487448800874	-0.29937817245377013	0.0030760929603178	0.0013429865519580253
0.49	-0.22522590735474987	-0.296408305931507	0.0037628151964242684	0.001796768317811781
0.5	-0.21977650043584754	-0.2936143959625418	0.004575105086759457	0.002372212885715208
0.51	-0.21427216736739313	-0.2912162206235869	0.005530815349737622	0.0030954066192456775
0.52	-0.20883105866371007	-0.28925023043501197	0.00664956046720358	0.00399686822341766
0.53	-0.20331386652858993	-0.28758083262617473	0.007952834554991739	0.005112133651273776
0.54	-0.197579560915129	-0.2863724243224859	0.00946404537471962	0.006482338339034777
0.55	-0.1915927759494893	-0.285687524318826	0.011208605229882124	0.008154945708828909
0.56	-0.18541051931006133	-0.28555127569519173	0.013213912714490933	0.010184518599336723
0.57	-0.17877346579506792	-0.2859997475270549	0.01550956416330529	0.012633490155649962
0.58	-0.17158558558129308	-0.28722907862558816	0.018127203022133165	0.015573050550809653
0.59	-0.16387895898993574	-0.28915275368571575	0.021100538291831755	0.01908424053302732
0.6	-0.155362743372137	-0.29199051088388295	0.024465537478168625	0.02325877215857014
0.61	-0.14595314196983167	-0.2957564973042959	0.028260098680459367	0.028200386803110822
0.62	-0.13545657317692059	-0.30053525861632835	0.032524165005561406	0.034025972958937
0.63	-0.12365620214972894	-0.3064373873673588	0.03729963758448068	0.040866821035946355
0.64	-0.1102062946157657	-0.31351366322150803	0.042630304849248735	0.048870215940137074
0.65	-0.09502114100736393	-0.32192700650334005	0.048561122103915375	0.05820070195919819
0.66	-0.0777675276075384	-0.331662805585773	0.055138852814013525	0.06904209313787824
0.67	-0.05794078504033021	-0.3429784891798694	0.06241144747725027	0.08159853829640196
0.68	-0.035397733747875006	-0.3558452078094451	0.07042698944492229	0.09609732397246107
0.69	-0.009510575596676028	-0.3703088199698949	0.07923501846659348	0.11279027506835337
0.7	0.02007181145220674	-0.3865774116751171	0.08888420137135043	0.13195544320812463
0.71	0.0537887176797299	-0.4045780546780376	0.0994222138675848	0.15390071970410363
0.72	0.09233863798931496	-0.42447341690384405	0.11089728304200956	0.17896464625608693
0.73	0.1361498462144392	-0.4462872777926145	0.12335321239351604	0.2075198850894075
0.74	0.1861380041012617	-0.47003477917216185	0.13683393705664304	0.23997617851296216
0.75	0.24284129488033554	-0.49564025210527546	0.1513769483765967	0.2767827087679197