0.	0.	0.	0.	0.
0.01	-0.0024477186505306604	0.001728256083635981	8.673617379884035e-19	-6.938893903907228e-18
0.02	-0.004869203027371647	0.0034543028207858484	8.673617379884035e-18	1.3877787807814457e-17
0.03	-0.007266403877788447	0.005168346419318973	-3.469446951953614e-18	1.3877787807814457e-17
0.04	-0.009642090805981732	0.006860013502460946	4.163336342344337e-17	2.7755575615628914e-17
0.05	-0.011999923246450023	0.008518350840864997	-5.551115123125783e-17	-2.7755575615628914e-17
0.06	-0.014344523854891378	0.010131832861495091	-6.938893903907228e-17	-8.326672684688674e-17
0.07	-0.016681557826670704	0.011688359718837749	-5.551115123125783e-17	-2.7755575615628914e-17
0.08	-0.019017814125122948	0.013175268243638766	6.938893903907228e-17	-2.7755575615628914e-17
0.09	-0.021361291952926964	0.014579339854263768	8.326672684688674e-17	-8.326672684688674e-17
0.1	-0.023721291482410173	0.01588681171105738	-2.220446049250313e-16	1.1102230246251565e-16
0.11	-0.026108509310455136	0.017083390236726753	3.0531133177191805e-16	-1.942890293094024e-16
0.12	-0.028535138976964858	0.01815426734617956	1.7763568394002505e-15	-8.881784197001252e-16
0.13	-0.031014976791026605	0.01908413916144297	7.105427357601002e-15	-4.218847493575595e-15
0.14	-0.03356353357638092	0.019857227717193504	2.4924506902834764e-14	-1.9068080447937064e-14
0.15	-0.036198151975615545	0.02045731237092957	7.949196856316121e-14	-7.291389714225716e-14
0.16	-0.03893813197478385	0.020867731891375363	2.3342439092743916e-13	-2.506328478091291e-13
0.17	-0.04180486076849438	0.02107145397934035	6.2977401071862e-13	-7.927825063092087e-13
0.18	-0.04482195167347469	0.021051079424424274	1.5744072712209345e-12	-2.326971948463097e-12
0.19	-0.04801539434659696	0.02078891118015938	3.664957226590104e-12	-6.392969487123423e-12
0.2	-0.05141370590468408	0.02026696217567224	7.957412506698347e-12	-1.6562057281177545e-11
0.21	-0.055048099558175356	0.01946702598463576	1.6117884804600635e-11	-4.069576620135962e-11
0.22	-0.05895265918864967	0.01837072409893481	3.033751028169718e-11	-9.534038836189751e-11
0.23	-0.06316452695380881	0.016959562553040028	5.252120960363982e-11	-2.1388785187426151e-10
0.24	-0.06772410107642668	0.015214995850220125	8.164680043165617e-11	-4.6125524233442405e-10
0.25	-0.07267524946835713	0.013118494577769702	1.0717970955198552e-10	-9.593682931408054e-10
0.26	-0.07806550313668148	0.01065157850330517	9.453027249861634e-11	-1.9301197029530925e-9
0.27	-0.08394645955893865	0.0077961053539089	-4.447464618806407e-11	-3.765789222121008e-9
0.28	-0.09037371755066104	0.004533957397766797	-5.080655895994823e-10	-7.1415188485079995e-9
0.29	-0.0974074831513485	0.0008475276282828986	-1.7076811076321974e-9	-1.3190738071267027e-8
0.3	-0.1051127029643566	-0.0032803640716199123	-4.44918746289602e-9	-2.377266161701641e-8
0.31	-0.11355941801596714	-0.00786632003943441	-1.0241190340209982e-8	-4.187175939307508e-8
0.32	-0.1228231113468834	-0.012926242337712113	-2.1804918315382338e-8	-7.218254455265694e-8
0.33	-0.13298508034093426	-0.018475197681461053	-4.3896852597313796e-8	-1.219496339466275e-7
0.34	-0.14413284122780823	-0.024527272993234928	-8.460689415734635e-8	-2.0215308210724814e-7
0.35	-0.1563605666643959	-0.031095417454778174	-1.5736638814267678e-7	-3.291520409565152e-7
0.36	-0.16976955971056484	-0.03819127175473924	-2.8399811524693064e-7	-5.269262006724063e-7
0.37	-0.18446876942396906	-0.04582498266869928	-4.992724795815917e-7	-8.300826895846214e-7
0.38	-0.20057535199844323	-0.05400500214993964	-8.576095844592402e-7	-1.2878254145309853e-6
0.39	-0.2182152818071721	-0.06273786843680951	-1.4427980998821255e-6	-1.9691118416931275e-6
0.4	-0.2375240195347006	-0.0720279693077811	-2.381902334924746e-6	-2.9692457859109567e-6
0.41	-0.2586472405980915	-0.0818772834885596	-3.8649149727287835e-6	-4.418170588049719e-6
0.42	-0.28174163607700287	-0.09228510117187039	-6.1722042259404475e-6	-6.490729488106695e-6
0.43	-0.3069757857747035	-0.10324771715656	-9.712421324525877e-6	-9.419144083588904e-6
0.44	-0.334531120519987	-0.1147580994494013	-0.000015074302238016202	-0.000013507921637678777
0.45	-0.36460294452326725	-0.12680547728845215	-0.000023096741803563248	-0.000019151331978939368
0.46	-0.3974017185340375	-0.13937514091321535	-0.00003496266276714621	-0.000026853498702905654
0.47	-0.43315414699465427	-0.15244772378204763	-0.00005232358776918744	-0.00003725101293583499
0.48	-0.47210469856257653	-0.165998924684285	-0.00007746343989634141	-0.00005113785833832374
0.49	-0.5145171111771156	-0.17999895415627787	-0.00011351201508524866	-0.00006949231267050493
0.5	-0.5606760747662056	-0.19441198542391458	-0.00016472075031215283	-0.00009350548872255615
0.51	-0.6108890763403139	-0.20919556501201964	-0.00023681588193458225	-0.00012461138581310038
0.52	-0.66548841580539	-0.22429998372969218	-0.0003374468120886931	-0.00016451896164282331
0.53	-0.7248334049620091	-0.23966761328860642	-0.00047675043031958353	-0.00021524813624385075
0.54	-0.7893127594270091	-0.2552322198696877	-0.0006680551862894291	-0.00027917432911594986
0.55	-0.8593471892049545	-0.27091826917907635	-0.000928751749723844	-0.00035909092048092006
0.56	-0.9353922021934356	-0.28664025626512846	-0.0012813599585963509	-0.000458307157332527
0.57	-1.0179411122948885	-0.30230209158187016	-0.0017548242293785599	-0.0005808123417718747
0.58	-1.1075282779322846	-0.31779661635628287	-0.0023860714622232493	-0.000731558439679425
0.59	-1.2047325599541852	-0.33300532276317973	-0.003221866526734729	-0.0009169465768597007
0.6	-1.3101810379601897	-0.3477984116111905	-0.004321000602888425	-0.0011456543369350314
0.61	-1.4245526762255833	-0.3620351780392319	-0.005756847098459694	-0.0014300185571656243
0.62	-1.5485844261317725	-0.375567828133466	-0.007620317678881605	-0.0017883127718292258
0.63	-1.6830721971770535	-0.38823391560092535	-0.010023278997356222	-0.002248401161507374
0.64	-1.828881778202538	-0.3998778339281488	-0.013102403391252793	-0.0028536055581414033
0.65	-1.9869502916170285	-0.41033887652028156	-0.017023654781294084	-0.0036718400756292624
0.66	-2.158299838223966	-0.419470299871767	-0.021987428510807483	-0.0048098517158869925
0.67	-2.344046370756237	-0.42714620009180315	-0.02823463406975968	-0.006435000120074363
0.68	-2.5454185874774486	-0.43327559549448935	-0.036054254112756645	-0.00880840107699754
0.69	-2.763783500765741	-0.4378267878315878	-0.04579317530787819	-0.012334928839299764
0.7	-3.0006865207416524	-0.440848899467257	-0.057870044058448755	-0.017638056377469624
0.71	-3.2579133785217813	-0.4425020134460613	-0.07279601827615867	-0.025671278755662996
0.72	-3.5375870062670547	-0.44308801408243426	-0.09120764276511562	-0.03788308074872404
0.73	-3.8423191309328795	-0.44308355101173547	-0.1139206261456982	-0.05646019952569503
0.74	-4.175447695556936	-0.4431499729362294	-0.14202021010003651	-0.08468466759704185
0.75	-4.541407510074377	-0.44411732185158925	-0.1770137809503467	-0.1274565192104653
0.76	-4.946306934486193	-0.44688938401381506	-0.2210894892597155	-0.19205658606201936
0.77	-5.398824570386632	-0.4522024534132427	-0.27755482331532644	-0.28925700108584707
0.78	-5.911599120517417	-0.46010925831434335	-0.3515781338686015	-0.43493439461465755
0.79	-6.50338173683265	-0.46896148866539633	-0.45143996894060034	-0.65240856908515
0.8	-7.202364062578037	-0.47349606552387513	-0.5906429870515124	-0.975825215683713
0.81	-8.051329196260603	-0.46132584525715714	-0.7914630248765739	-1.4550384304354758
0.82	-9.115621309193354	-0.4066158053655329	-1.090945490655118	-2.162632653097326
0.83	-10.49549421754327	-0.258779340251202	-1.5510425015227636	-3.203978339203971
0.84	-12.345268867359707	0.0776666620448836	-2.2758448800582016	-4.731530355365461
0.85	-14.90310421104769	0.7790582604371536	-3.4410654206164324	-6.964931900492346
0.86	-18.537317167122858	2.167128122404762	-5.34494080431751	-10.218749395437067
0.87	-23.818462482103982	4.825978129230343	-8.497131057609096	-14.939455068872537
0.88	-31.631232532430786	9.816963173646094	-13.776253212238885	-21.751544022337328
0.89	-43.34682372509093	19.08058029539267	-22.71404472019651	-31.506640318059844
0.9	-61.08340223353008	36.20550067717804	-38.0194365028631	-45.31163014489101
0.91	-88.08200464904075	67.9431539211235	-64.57150886735963	-64.46193346769422
0.92	-129.18720289409833	127.30056712366252	-111.36493204528566	-90.06595021873636
0.93	-191.2310533544129	240.15156466616088	-195.4841639218509	-121.74175348718188
0.94	-282.3325667581747	460.222451190278	-350.6639456427884	-153.52654021585158
0.95	-405.91345927128714	905.7807569854276	-647.0431496947309	-160.99657463681615