0.	0.	0.	0.	0.
0.01	-0.015599749866560098	-0.010527470724053883	6.938893903907228e-18	8.673617379884035e-18
0.02	-0.03024054362647967	-0.02229278225763258	-1.3877787807814457e-17	6.938893903907228e-18
0.03	-0.043857081433103434	-0.03521803860765837	-2.7755575615628914e-17	7.632783294297951e-17
0.04	-0.05638964582149977	-0.049222104342879394	2.7755575615628914e-17	-7.632783294297951e-17
0.05	-0.06778422773765139	-0.06422097610716138	2.7755575615628914e-17	-2.7755575615628914e-17
0.06	-0.07799272578407179	-0.08012813747280614	-5.551115123125783e-17	-5.551115123125783e-17
0.07	-0.08697289045336298	-0.09685493923021572	0.	-6.938893903907228e-17
0.08	-0.09468856381954804	-0.11431100212260159	-1.1102230246251565e-16	1.1102230246251565e-16
0.09	-0.10110965530457361	-0.1324045801518221	1.6653345369377348e-16	1.6653345369377348e-16
0.1	-0.106212200717138	-0.1510429518331409	-2.220446049250313e-16	0.
0.11	-0.10997837327602444	-0.170132804923071	0.	2.7755575615628914e-16
0.12	-0.1123964755945035	-0.18958067645996307	-1.1102230246251565e-16	5.551115123125783e-16
0.13	-0.11346093312721522	-0.20929318584189222	5.551115123125783e-17	1.9984014443252818e-15
0.14	-0.11317220599508038	-0.2291776245658946	-1.1102230246251565e-15	6.855627177060342e-15
0.15	-0.11153674081028431	-0.24914221526443675	-4.440892098500626e-15	2.2426505097428162e-14
0.16	-0.1085668684020149	-0.2690965191746372	-1.509903313490213e-14	7.077671781985373e-14
0.17	-0.10428068396306167	-0.2889518034131209	-4.829470157119431e-14	2.0761170560490427e-13
0.18	-0.09870188160614324	-0.3086214774541911	-1.432187701766452e-13	5.686562332130052e-13
0.19	-0.09185967884723445	-0.32802124840304736	-4.056754931980322e-13	1.4726553310140389e-12
0.2	-0.08378849909547414	-0.3470697337373459	-1.0771383784913269e-12	3.6232683520154296e-12
0.21	-0.07452784446695027	-0.36568864057073336	-2.7184920980971583e-12	8.515743665782338e-12
0.22	-0.06412204930073073	-0.3838031214831222	-6.554312648177074e-12	1.919420178353448e-11
0.23	-0.05261997422261899	-0.4013421579479136	-1.515287895159645e-11	4.1643744008723615e-11
0.24	-0.040074891902801446	-0.4182386544610819	-3.371636303484138e-11	8.72475425239827e-11
0.25	-0.02654396834910866	-0.43442997817663054	-7.243228239417476e-11	1.7700901855377538e-10
0.26	-0.012088087772262446	-0.4498580651739624	-1.5065160230420815e-10	3.486257393880976e-10
0.27	0.0032285142970918113	-0.4644696899687139	-3.041084051247367e-10	6.680400677083753e-10
0.28	0.01933867162035019	-0.47821679783373006	-5.971055316855711e-10	1.24790439093303e-9
0.29	0.03617244316390239	-0.4910563023965198	-1.1425808632559153e-9	2.276471844364636e-9
0.3	0.053657794719096596	-0.5029509081004301	-2.134529220043646e-9	4.0619929642105035e-9
0.31	0.07172081760649196	-0.5138686977680402	-3.899283396169295e-9	7.099631327278644e-9
0.32	0.09028622782010648	-0.5237835788097569	-6.975245547824471e-9	1.2170811580780594e-8
0.33	0.10927772372148331	-0.532675004730208	-1.2234678770095542e-8	2.0488296836873587e-8
0.34	0.12861840490535903	-0.5405285612582678	-2.106690766279229e-8	3.390515401768823e-8
0.35	0.14823137057265512	-0.5473355380424414	-3.564973632963486e-8	5.521155221899221e-8
0.36	0.16804006329858368	-0.5530931662620806	-5.934606550628274e-8	8.855111000016791e-8
0.37	0.18796870424022594	-0.5578042996949738	-9.727588495822559e-8	1.3999784287399564e-7
0.38	0.2079427474654496	-0.5614777791536276	-1.5713116574556096e-7	2.1834716923407882e-7
0.39	0.22788944785462267	-0.564127889054142	-2.503233768047508e-7	3.361881882879558e-7
0.4	0.24773823256044147	-0.5657744497912501	-3.93581945978827e-7	5.113437892001471e-7
0.41	0.26742108066959325	-0.5664423534466233	-6.111577719458694e-7	7.687852736637524e-7
0.42	0.286873010918769	-0.5661617556760145	-9.37831964975544e-7	1.143157921768001e-6
0.43	0.306032588229562	-0.564967425046059	-1.4229859213732432e-6	1.6820803183659194e-6
0.44	0.32484212959167963	-0.5628984588490636	-2.136058851742728e-6	2.450422701416599e-6
0.45	0.3432481275128022	-0.5599981330295238	-3.1738056660568503e-6	3.535815129240838e-6
0.46	0.3612017563093392	-0.5563133921523367	-4.669877314122939e-6	5.055683200194672e-6
0.47	0.37865903153755753	-0.5518943627467852	-6.80736401081905e-6	7.166174680883763e-6
0.48	0.3955808474430827	-0.546793869423194	-9.835102302291343e-6	0.000010073409432154179
0.49	0.4119337027152004	-0.5410671100469723	-0.000014088757697761078	0.00001404758684919738
0.5	0.42768951244510983	-0.5347709415887603	-0.000020017856203868867	0.000019440536968895472
0.51	0.4428257106629607	-0.5279632628238173	-0.000028220271439949318	0.000026707442077666954
0.52	0.45732547125063705	-0.5207027463143866	-0.00003948597143865751	0.00003643366116523605
0.53	0.4711775073894524	-0.5130477836314764	-0.00005485212274775053	0.000049367439996395035
0.54	0.4843760629614414	-0.5050562238371576	-0.00007567227149291034	0.00006645998028531608
0.55	0.4969208117135486	-0.49678458703132455	-0.00010370263389025691	0.00008891392853116464
0.56	0.5088163077624323	-0.4882873362984928	-0.0001412091492916101	0.00011824184210501576
0.57	0.5200718250886712	-0.47961646533271524	-0.00019109985596610368	0.00015633679334575712
0.58	0.5307007525906208	-0.4708206833240781	-0.00025708767788101827	0.00020555644537545437
0.59	0.5407199944689401	-0.4619449599267207	-0.0003438897761128823	0.00026882377724213313
0.6	0.5501493257895658	-0.45302991832236933	-0.0004574708363552782	0.00034974647704161255
0.61	0.5590102726470729	-0.4441112671231148	-0.000605338096243635	0.0004527575644357462
0.62	0.567325293935848	-0.43521955818477903	-0.0007968989463296161	0.000583283033198434
0.63	0.5751164453696432	-0.4263795921301755	-0.0010438914206305494	0.0007479355631345719
0.64	0.5824041086514806	-0.41761039781875403	-0.001360901730132591	0.0009547456700292334
0.65	0.5892053833419628	-0.40892489816598776	-0.0017659834704161215	0.0012134259560647176
0.66	0.5955322721868876	-0.4003300802348805	-0.002281395333062708	0.0015356831615180866
0.67	0.6013899282492597	-0.39182708298688657	-0.0029344808317736115	0.0019355784817948751
0.68	0.6067742543347057	-0.3834115691706001	-0.0037587079531753442	0.0024299402909276346
0.69	0.6116696888195168	-0.375074361614319	-0.004794899951746423	0.0030388478165562227
0.7	0.6160464034323095	-0.3668022230964287	-0.0060926846006897906	0.0037861760420296875
0.71	0.619857385830247	-0.3585790385261877	-0.007712196069030619	0.004700229240172826
0.72	0.623035443178383	-0.350387233603039	-0.009726071855006624	0.0058144638229556955
0.73	0.6254894631085145	-0.34220957723620554	-0.012221784014689874	0.0071683011070571845
0.74	0.6271007219255433	-0.33403142972120375	-0.015304355449224483	0.008808067210229253
0.75	0.6277187207760451	-0.3258433626578118	-0.019099522417618697	0.010788049559171786
0.76	0.6271568173548631	-0.3176444468191402	-0.023757395011408167	0.013171682407593421
0.77	0.6251871888732257	-0.309445817489701	-0.029456703681117413	0.016032908513640642
0.78	0.6215356976468868	-0.30127511284134223	-0.036409691014101186	0.019457687816553493
0.79	0.6158762090082031	-0.2931814782828708	-0.04486775364853979	0.02354569971694842
0.8	0.6078244799633893	-0.28524131207160974	-0.05512792374617548	0.028412250143008022
0.81	0.5969316389149119	-0.2775649247642916	-0.06754029868493294	0.034190386980530785
0.82	0.5826769131458106	-0.2703035734091571	-0.08251658271181583	0.04103334648493495
0.83	0.5644603638849738	-0.2636587135737585	-0.10053973661593418	0.04911702478988689
0.84	0.5415944548793769	-0.2578906821947571	-0.12217516586787258	0.05864311037353476
0.85	0.5132954101024771	-0.2533295802676323	-0.14808322428135534	0.06984218116599539
0.86	0.47867362257528767	-0.2503874950976095	-0.17903367709013485	0.08297730672410131
0.87	0.4367238563577981	-0.249571119621679	-0.2159217981043493	0.0983480344043175
0.88	0.3863140688464155	-0.2514966772756251	-0.2597869304713144	0.11629472863992363
0.89	0.32617434755612185	-0.2569065854591286	-0.31183296910958846	0.13720321593629392
0.9	0.2548834916154348	-0.2666863880512529	-0.37345225460360254	0.16151015410578817
0.91	0.17085664707626114	-0.2818852461765946	-0.4462515277722784	0.1897086442660778
0.92	0.0723297924902615	-0.30373814213559625	-0.5320820263972577	0.22235418756326375
0.93	-0.04265442990247692	-0.33368826913787464	-0.6330723441016433	0.26007192527280054
0.94	-0.17626492369362712	-0.3734136041572782	-0.7516661879063142	0.303564019494035
0.95	-0.33089684851367585	-0.4248564532499204	-0.8906624191024786	0.35361623712657897