0.	-1.4250875238631124	-1.0766875104081919	0.	0.
0.01	-1.4064833997319965	-1.0707056408637072	-1.5916157281026244e-12	2.9558577807620168e-12
0.02	-1.38814604954473	-1.0648301278874897	-2.9558577807620168e-12	5.002220859751105e-12
0.03	-1.3700613124651682	-1.058928138749934	-2.7284841053187847e-12	4.774847184307873e-12
0.04	-1.3522143931072605	-1.0528880990318612	-4.547473508864641e-13	-4.092726157978177e-12
0.05	-1.3344481735562113	-1.0465697874494708	-9.094947017729282e-12	4.547473508864641e-13
0.06	-1.3170438351003213	-1.0401257031576279	-1.7962520360015333e-11	4.320099833421409e-12
0.07	-1.299864376428559	-1.0337262672912857	-3.183231456205249e-11	2.0236257114447653e-11
0.08	-1.2829015735387657	-1.0271671893669918	-1.2960299500264227e-11	6.821210263296962e-12
0.09	-1.2660952847074896	-1.0203107762208674	4.547473508864641e-12	-6.59383658785373e-12
0.1	-1.249526695963823	-1.0134355055121205	-3.410605131648481e-12	1.2505552149377763e-11
0.11	-1.2330883406032171	-1.0064479152440526	9.549694368615746e-12	9.208633855450898e-12
0.12	-1.217006046590086	-0.9994008297632035	1.368789526168257e-10	1.070930011337623e-10
0.13	-1.2010055846722025	-0.9921560718929641	3.494733391562477e-10	3.2457592169521376e-10
0.14	-1.1851809371139552	-0.9847516191939576	9.965788194676861e-10	8.803908713161945e-10
0.15	-1.1696813689238752	-0.9775346347669256	2.3921984393382445e-9	2.434717316646129e-9
0.16	-1.154185208195031	-0.9699810120662278	5.415586201706901e-9	6.292111720540561e-9
0.17	-1.1388049157314981	-0.962208124767244	1.1199858818145003e-8	1.5368186723208055e-8
0.18	-1.1239087148309181	-0.9547748599088663	2.187857717217412e-8	3.5259517972008325e-8
0.19	-1.109045540015586	-0.9470054175203586	4.007824827567674e-8	7.681273928028531e-8
0.2	-1.0943691553303552	-0.9392468067901518	6.863649559818441e-8	1.5934926977934083e-7
0.21	-1.07990015632015	-0.931459826749915	1.1000315680576023e-7	3.1675676837039646e-7
0.22	-1.0655137806704715	-0.9234721191603512	1.6271053482341813e-7	6.05512013862608e-7
0.23	-1.0513303260559042	-0.9156219710923779	2.171050255128648e-7	1.1167885531904176e-6
0.24	-1.0373908863451788	-0.9076141110954268	2.4597136416559806e-7	1.9932997474825243e-6
0.25	-1.0234727740203198	-0.8995240269929354	1.893085936899297e-7	3.4519156315582222e-6
0.26	-1.0098553881691714	-0.8915124399013621	-6.974585176067194e-8	5.8135835843131645e-6
0.27	-0.996359571631956	-0.8834771899983025	-7.414087122015189e-7	9.541214240016416e-6
0.28	-0.982871348601293	-0.8751986907982428	-2.183721903747937e-6	0.000015286273992387578
0.29	-0.969643769007007	-0.867137486242882	-4.980016910849372e-6	0.00002394599209765147
0.3	-0.9564036754400149	-0.8587088712854438	-0.000010047293812931457	0.000036728426721310825
0.31	-0.9434720985181002	-0.8506610235117478	-0.00001878378191122465	0.00005522753576769901
0.32	-0.930610286750607	-0.8422674554929017	-0.00003326662908875733	0.00008150275402840634
0.33	-0.9178827248292691	-0.8339589614427041	-0.000056510877357141	0.00011816221331173438
0.34	-0.9053551441555783	-0.8257126536957458	-0.00009280325207328133	0.0001684424410086649
0.35	-0.8927696789667152	-0.8173619091501223	-0.00014812689983045857	0.00023627702262274397
0.36	-0.8804655471408296	-0.8091480766202039	-0.00023069164717526291	0.0003263439286911307
0.37	-0.8682321753833548	-0.800803551232093	-0.0003515898708883469	0.0004440779678134277
0.38	-0.8560565412907408	-0.7924142580334319	-0.0005255955385337074	0.0005956309385055647
0.39	-0.8440951995551131	-0.784045508280542	-0.0007721271971377064	0.0007877590683165181
0.4	-0.8322819958108312	-0.7757307881724955	-0.0011163959497935139	0.0010276115360738913
0.41	-0.8204313802202705	-0.7674687218391227	-0.0015907581985175057	0.0013223907676547242
0.42	-0.8088609896012713	-0.7590653609970559	-0.002236295673355926	0.001678850130133469
0.43	-0.7973239217656101	-0.750644537930043	-0.0031046417637980994	0.002102585011584779
0.44	-0.7860135406295967	-0.7421520745153884	-0.004260074673766212	0.0025970763598479607
0.45	-0.7748396811899738	-0.7337512801492494	-0.005781893820426376	0.003162429640838127
0.46	-0.7640010065250635	-0.7253794864354859	-0.0077670958806947965	0.0037937541211476855
0.47	-0.7533189137842555	-0.7169177245727951	-0.010333358274920101	0.00447911669914447
0.48	-0.7430448594190011	-0.7085850084292815	-0.01362235715987481	0.0051969961875784065
0.49	-0.732902155818465	-0.7002578206372618	-0.01780339037077283	0.005913172674354428
0.5	-0.7233857327418036	-0.6916271362617863	-0.02307734657574656	0.006576952944101322
0.51	-0.7143459444475866	-0.6832832100499218	-0.02968099312488448	0.007116644028656083
0.52	-0.7058094883102513	-0.6751106661517952	-0.037891564000801736	0.007434206975517554
0.53	-0.6981202877035457	-0.6668460808411965	-0.048031646991717025	0.007398942945656017
0.54	-0.6911087037638026	-0.6588769125114595	-0.060474364031051664	0.006840129162242192
0.55	-0.685285961805107	-0.6509299119173875	-0.07564875125410708	0.00553854232566664
0.56	-0.6805741513481962	-0.6434595894082804	-0.09404537562784299	0.003216601328631441
0.57	-0.6773924998727807	-0.6361954212280807	-0.11622207275343044	-0.00047276593977585435
0.58	-0.6757062405328043	-0.6295689767530348	-0.14280981310764673	-0.005958890518513726
0.59	-0.6762469920968215	-0.6236773901018751	-0.1745185864076575	-0.013767719049610605
0.6	-0.679035017770957	-0.6184974946870625	-0.21214315632278158	-0.024537949899468003
0.61	-0.6845417286544944	-0.61467229091636	-0.25656891107166757	-0.03903919750359819
0.62	-0.6930514752166346	-0.6120698878719395	-0.3087771407828086	-0.05819205456668897
0.63	-0.7054191665250755	-0.6113544726454165	-0.3698503764378529	-0.08309048732394331
0.64	-0.7211169132897339	-0.613081480073788	-0.4409767780931588	-0.11502666620026503
0.65	-0.7430004375243016	-0.6171941808347583	-0.5234549446184928	-0.15551743459923273
0.66	-0.7698810319311633	-0.6248551807826743	-0.6186963099613649	-0.20633527970983323
0.67	-0.8019272367217809	-0.6366929686038247	-0.7282281096586303	-0.26954006985943124
0.68	-0.8426036239907262	-0.6529807934866767	-0.8536958137280521	-0.347513801112882
0.69	-0.8905399141422663	-0.6753324804863041	-0.9968615461267518	-0.4430014539860849
0.7	-0.9476005192797174	-0.7046688555517449	-1.1596048554262097	-0.5591501788726418
0.71	-1.0148556596666367	-0.7422094724126964	-1.3439191057516382	-0.699555068923928
0.72	-1.0931733797697234	-0.7895866615515388	-1.551907247315512	-0.8683089559065138
0.73	-1.1842677316642494	-0.8483533845351303	-1.7857758962605885	-1.070051744363127
0.74	-1.2890969744892118	-0.9207086452341855	-2.047826478487764	-1.3100289389800537
0.75	-1.4098819467635622	-1.008193238397098	-2.3404442045464293	-1.5941487485038124