0.	0.5298390245072105	1.0929742287246793	0.	0.
0.01	0.5484295250375303	1.1080547026839949	2.8754776337791554e-14	1.4876988529977098e-14
0.02	0.5679011105488253	1.1228394586302979	-2.5091040356528538e-14	3.774758283725532e-15
0.03	0.5882587498061598	1.1372756118866072	4.107825191113079e-15	1.0658141036401503e-14
0.04	0.6095046292873598	1.1513088833663865	-7.616129948928574e-14	4.9960036108132044e-14
0.05	0.6316376967717031	1.1648849372560843	8.926193117986259e-14	2.788880237858393e-13
0.06	0.6546539150734539	1.177948256335877	8.770761894538737e-15	-1.9317880628477724e-14
0.07	0.6785454059457415	1.1904411703235618	-5.184741524999481e-14	-2.0983215165415459e-13
0.08	0.7033040458953498	1.202306864285135	9.303668946358812e-14	-5.684341886080802e-14
0.09	0.728915124206069	1.2134868095472808	-9.85878045867139e-14	4.798383912429927e-13
0.1	0.7553616505237334	1.2239222157442273	2.1094237467877974e-14	1.645350522494482e-13
0.11	0.7826242200273302	1.2335536412654409	-2.2881696537524476e-13	-2.2648549702353193e-14
0.12	0.8106764955071885	1.2423224331273852	8.326672684688674e-15	2.55351295663786e-14
0.13	0.8394918227693581	1.2501689914847418	-6.483702463810914e-14	-1.3988810110276972e-14
0.14	0.869038659914201	1.2570342627708042	2.55351295663786e-13	1.503241975342462e-13
0.15	0.8992816291560215	1.2628596035524107	1.6497914145929826e-13	-1.7963408538435033e-13
0.16	0.9301816307131414	1.2675877329082164	-5.1736392947532295e-14	2.717825964282383e-13
0.17	0.9616951657312861	1.2711599016305786	4.1089354141377044e-13	-1.184385922670117e-12
0.18	0.9937752278910028	1.273520753084205	-8.399947404313934e-13	-1.9451107391432743e-12
0.19	1.026370650651334	1.2746154033748114	-2.8339552926581746e-12	-4.650280160944931e-12
0.2	1.0594251460679316	1.2743908789853011	-7.87414577985146e-12	-1.1239897901305085e-11
0.21	1.0928817018218693	1.2727947383984652	-1.8454571204529202e-11	-2.5825341865015616e-11
0.22	1.1266759117876561	1.269777759282085	-4.572964229510035e-11	-5.859224216919756e-11
0.23	1.160740478215172	1.265292551163244	-1.0606426847914463e-10	-1.259812254517101e-10
0.24	1.1950040983235253	1.2592942184326448	-2.376816521376668e-10	-2.632052353845893e-10
0.25	1.2293923291593367	1.251739824295105	-5.129561220229562e-10	-5.316118656395474e-10
0.26	1.2638243291539981	1.2425919084148296	-1.0660672344897648e-9	-1.0443212961064319e-9
0.27	1.298218120878921	1.2318140509374473	-2.160244205740014e-9	-1.9983510401999638e-9
0.28	1.3324865037071656	1.2193735787588686	-4.257405983310036e-9	-3.729975661670437e-9
0.29	1.3665392314908198	1.205242361681732	-8.185396360715913e-9	-6.80970901889566e-9
0.3	1.400282289995209	1.1893961724842985	-1.5382158657928358e-8	-1.2176154084997393e-8
0.31	1.433618244507902	1.1718152186570314	-2.830397072273172e-8	-2.1355609947093512e-8
0.32	1.466446707523218	1.152484766164835	-5.106905276441864e-8	-3.67926156208398e-8
0.33	1.4986632330680831	1.1313940217355705	-9.048611682160868e-8	-6.23383491493712e-8
0.34	1.5301614332200737	1.1085385596445068	-1.576159471827765e-7	-1.0398908734110535e-7
0.35	1.5608319074378791	1.0839191750897912	-2.7021825599327087e-7	-1.709764601010022e-7
0.36	1.5905628006870263	1.0575425309373419	-4.5642490720254614e-7	-2.773275840084466e-7
0.37	1.6192394028368993	1.0294223564913128	-7.602594527256201e-7	-4.441719405612332e-7
0.38	1.646747136866037	0.9995760401633232	-1.2498681429828906e-6	-7.030281800046723e-7
0.39	1.6729680416530868	0.9680305363974145	-2.029634226463628e-6	-1.100475568338588e-6
0.4	1.6977828626532316	0.9348186249536341	-3.2579035318391902e-6	-1.704859257212199e-6
0.41	1.721072282446606	0.899980508272701	-5.17268520638936e-6	-2.61567625603476e-6
0.42	1.7427165629528503	0.8635625946148597	-8.128715140554021e-6	-3.976847960496244e-6
0.43	1.762595201779595	0.8256225280805563	-0.000012650490367693834	-5.995277095549589e-6
0.44	1.7805890572436063	0.7862222166582007	-0.000019507756236381013	-8.966769496354665e-6
0.45	1.796579809444887	0.7454327977244001	-0.00002982230640435901	-0.000013312140392574001
0.46	1.8104508356282243	0.7033335461932081	-0.00004521842905713669	-0.000019627353988860285
0.47	1.8220878748300375	0.6600119321925999	-0.0000680336763967393	-0.000028753080344556814
0.48	1.8313797637350164	0.6155636173670304	-0.00010161309083067671	-0.000041870935917454055
0.49	1.838219245550597	0.5700923556152699	-0.000150718258886684	-0.0000606365945767795
0.5	1.8425040889565822	0.5237096795515812	-0.00022209412187312871	-0.0000873636444065351
0.51	1.8441371867636804	0.4765349328821089	-0.0003252519613576865	-0.00012527750166491103
0.52	1.843029054102906	0.4286941030962452	-0.00047354824198220236	-0.00017886563253177723
0.53	1.8390981584438393	0.3803193932409533	-0.0006856676694657615	-0.0002543609967680105
0.54	1.832272577168661	0.33154796145798304	-0.0009876580543404234	-0.00036040897882583245
0.55	1.8224916087250729	0.2825203024383225	-0.001415718027046875	-0.000508987874578648
0.56	1.809708101797041	0.23337809183245495	-0.002020012091025869	-0.0007166794938217036
0.57	1.793888515816431	0.18426106751558669	-0.002869886692420165	-0.001006424439837117
0.58	1.7750182798001457	0.13530331684895358	-0.004061000789663316	-0.0014099470329876906
0.59	1.753102451194605	0.08662757727376669	-0.005725071406021076	-0.0019711088511933372
0.6	1.7281687797881817	0.038339352410723615	-0.00804320054508545	-0.002750552505894732
0.61	1.7002712770310495	-0.009483865386729406	-0.011264111908425578	-0.0038321286812893485
0.62	1.669492973109731	-0.05680360664899686	-0.015729138755208982	-0.005331814333112694
0.63	1.63594888136979	-0.10363650603412977	-0.021906515558308248	-0.00741009095090428
0.64	1.5997883959352428	-0.1500738334210424	-0.030438540641412937	-0.010289155044550746
0.65	1.5611945514555639	-0.19631263539381655	-0.04220657353803636	-0.014276863563455422
0.66	1.5203828949618319	-0.2426837982169086	-0.05842095181563045	-0.01980015410765229
0.67	1.4775917706567543	-0.2897010079544405	-0.08074570162370609	-0.02745170434141192
0.68	1.4330640579723295	-0.33811662137922144	-0.11147226519094477	-0.03805526658556546
0.69	1.387012002669171	-0.3889939407946082	-0.15376254393444944	-0.052757343112903754
0.7	1.3395537595054432	-0.44379891505310376	-0.21199056044582654	-0.07315616079077164
0.71	1.2906102648394324	-0.5045090084165172	-0.2922256063083617	-0.10148368935826302
0.72	1.2397201994531435	-0.573756771252867	-0.4029188300418187	-0.14086326616159228
0.73	1.1857505083472775	-0.6549882294133098	-0.5558866326860279	-0.19567582302949638
0.74	1.1264160888017987	-0.7526517303329043	-0.7677279267340431	-0.27208246822079646
0.75	1.057505606975621	-0.8723993198901587	-1.0618834278534675	-0.37877390847898296
0.76	0.9716337268444593	-1.0212800608309824	-1.4716528320736801	-0.5280509709212511
0.77	0.8562331757997843	-1.2078775839429212	-2.044655964185101	-0.7373920620594641
0.78	0.6903215518298427	-1.4423001583716033	-2.849493847616537	-1.0317429876657722
0.79	0.439284823011023	-1.735850668216707	-3.9858040164792485	-1.4468871673778843
0.8	0.046425389248327065	-2.10006786608658	-5.599609207499659	-2.034453206184299
0.81	-0.5808070763184203	-2.5445775883873845	-7.9070463167741085	-2.8694276694286236
0.82	-1.5933821890914779	-3.0727389569858152	-11.231571538776375	-4.061555203176074
0.83	-3.238027258461601	-3.673306599868508	-16.063107342949685	-5.772879183352596
0.84	-5.919607048307032	-4.304812004460278	-23.15373268818414	-8.245103559603894
0.85	-10.306608768507196	-4.866740311880998	-33.675176656107844	-11.843056077138478
0.86	-17.512065552180598	-5.146449760672901	-49.483351835928076	-17.12505306322676
0.87	-29.409043920951312	-4.720975392131937	-73.5726642817911	-24.959440858290915
0.88	-49.19151572975272	-2.7733576513088956	-110.87613501831414	-36.72266853390239
0.89	-82.39436698541245	2.2570088725100454	-169.71550465065798	-54.64623887410393
0.9	-138.7987280424773	13.356346503864565	-264.51753160079	-82.44595495837041
0.91	-236.10623686403088	36.310257329622736	-421.10208115383705	-126.51097949845027
0.92	-407.30087470491907	82.58885604464751	-687.4580382958111	-198.26171830705363
0.93	-716.1076304299756	175.7419060191338	-1156.955310209668	-319.1031601983657
0.94	-1291.4025702529848	366.6060161654375	-2021.894302039034	-531.5896055107726
0.95	-2409.7564005493873	772.995081159851	-3708.4073206090975	-926.8975568248634