0.	-1.4259511207760625	-1.077081230224394	0.	0.
0.01	-1.4344643952915703	-1.078966025882437	-6.821210263296962e-13	1.8189894035458565e-12
0.02	-1.4437109546461215	-1.081287656665154	4.547473508864641e-13	-2.7284841053187847e-12
0.03	-1.4532193245727285	-1.0835976304952055	8.640199666842818e-12	-8.185452315956354e-12
0.04	-1.4624746051745205	-1.0855321408816963	-6.821210263296962e-13	-5.4569682106375694e-12
0.05	-1.471900194613454	-1.0871933826283566	4.547473508864641e-13	-6.366462912410498e-12
0.06	-1.4814445096590134	-1.0886886513408172	-2.0463630789890885e-12	7.275957614183426e-12
0.07	-1.4907525101227748	-1.0899338719691514	-4.547473508864641e-12	-1.8189894035458565e-11
0.08	-1.5002616933270474	-1.091037593459987	-9.094947017729282e-12	-9.094947017729282e-13
0.09	-1.5098424075988532	-1.0917681094397267	2.2737367544323206e-13	-7.275957614183426e-12
0.1	-1.5191457888540754	-1.0922425017406567	6.821210263296962e-13	8.185452315956354e-12
0.11	-1.5286273737519878	-1.09254794545177	-4.433786671143025e-12	1.000444171950221e-11
0.12	-1.5381929361714128	-1.0925696069689366	-9.310952009400353e-11	5.911715561524034e-11
0.13	-1.5476207917861302	-1.0923820279922438	-2.085016603814438e-10	1.673470251262188e-10
0.14	-1.5570867396519361	-1.0919076984710046	-5.791207513539121e-10	4.447429091669619e-10
0.15	-1.5665354429766012	-1.091166705687101	-1.4979377738200128e-9	1.178705133497715e-9
0.16	-1.5760048803100517	-1.0901516343519688	-3.5430502975941636e-9	2.97859514830634e-9
0.17	-1.5855226337557156	-1.0889050289688385	-8.012364105525194e-9	6.946720532141626e-9
0.18	-1.594959006571571	-1.087396162013647	-1.7261982065974735e-8	1.5423211152665317e-8
0.19	-1.6043559156938727	-1.085689739492409	-3.564667849786929e-8	3.262266545789316e-8
0.2	-1.6137581560932404	-1.0837142809423312	-7.073435881466139e-8	6.629852578043938e-8
0.21	-1.6232815965612417	-1.0814738143935756	-1.355376184619672e-7	1.2986947695026174e-7
0.22	-1.6326049462840047	-1.0789370938318825	-2.5155839011858916e-7	2.4589553504483774e-7
0.23	-1.6420755547617603	-1.0761620242483332	-4.535550885975681e-7	4.512839950621128e-7
0.24	-1.6513486778106312	-1.0732029041546411	-7.963948291944689e-7	8.052275006775744e-7
0.25	-1.6606442332691813	-1.0699928308258677	-1.3650591199620976e-6	1.3995813787914813e-6
0.26	-1.6700138764360304	-1.066541353098728	-2.2881885115566547e-6	2.3747224986436777e-6
0.27	-1.6792882418327508	-1.0628397530399525	-3.7576421050289355e-6	3.9399183151545e-6
0.28	-1.6884019138499298	-1.0589771646264126	-6.054764185137174e-6	6.401765858754516e-6
0.29	-1.6975924693968523	-1.0548634373253662	-9.5858617896738e-6	0.000010201364602835383
0.3	-1.7067557282127268	-1.0505688680332241	-0.000014929642077277094	0.00001596234415046638
0.31	-1.715890310963971	-1.0460172594139294	-0.000022899693703948287	0.000024552632567065302
0.32	-1.7249272560748068	-1.04135426319408	-0.000034625918431174796	0.000037162444641580805
0.33	-1.7339777649647203	-1.0365165294833787	-0.00005165968894971229	0.00005539929770748131
0.34	-1.7428666420293553	-1.0315317450231305	-0.00007610755272935421	0.00008140589761751471
0.35	-1.7517028133216286	-1.026405607439301	-0.00011080150829911872	0.00011799982530646957
0.36	-1.7605626733102326	-1.0211474611251106	-0.00015951111828371722	0.00016883873286133166
0.37	-1.7693849008269922	-1.015781911243721	-0.00022720666061104566	0.00023861178760853363
0.38	-1.7779990673043358	-1.0104340459802188	-0.0003203835044018888	0.00033325734875688795
0.39	-1.786642051047636	-1.0049640512488622	-0.0004474562402378979	0.0004602049411914777
0.4	-1.795148269320805	-0.9994895796962737	-0.0006192338659616325	0.0006286386824285728
0.41	-1.803635205568412	-0.9940700791712516	-0.0008494882169998164	0.0008497742637700867
0.42	-1.8119400522024307	-0.9888291419956659	-0.0011556251290016917	0.0011371410591891618
0.43	-1.8201159895928072	-0.9837197011756871	-0.0015594713195241638	0.0015068541215441655
0.44	-1.8281291625548306	-0.9787590549985907	-0.002088183576972824	0.0019778551159106428
0.45	-1.835908615668842	-0.9741883959150073	-0.002775291021094972	0.0025720967196321
0.46	-1.843557899936144	-0.9699539486191497	-0.0036618713060931896	0.0033146378491437645
0.47	-1.8508226722574364	-0.9662952815906465	-0.004797856663230959	0.004233597222992103
0.48	-1.8576443829842901	-0.9633475164928313	-0.0062434701493998546	0.005359923338801309
0.49	-1.8640761851800391	-0.9611745237425566	-0.00807076086002212	0.006726905713549058
0.5	-1.8697985683680258	-0.960166252185445	-0.010365209962401423	0.008369332937945728
0.51	-1.874786121256932	-0.9604086049630496	-0.013227364164094979	0.01032223489437456
0.52	-1.8787347463618005	-0.962298704686873	-0.016774403283278616	0.012619045938663476
0.53	-1.881444416450222	-0.9662421407219881	-0.021141572676924625	0.015289086772099836
0.54	-1.8824608812211068	-0.9726096715985477	-0.026483293118019446	0.01835419780218217
0.55	-1.8813251953461645	-0.9819937331676556	-0.03297382167713181	0.021824336195095384
0.56	-1.8775654696089532	-0.9950772728834636	-0.040807185160275594	0.02569193686667859
0.57	-1.8704555720400151	-1.012558478637402	-0.050196064340156	0.029924823632427433
0.58	-1.8590520136173154	-1.0354731586849084	-0.06136928134648656	0.03445735630066338
0.59	-1.8423610620232864	-1.0648092815126802	-0.07456736335024061	0.039179700919703464
0.6	-1.8187925278313344	-1.10205627248979	-0.09003548380511006	0.043924637018790236
0.61	-1.786868105534694	-1.1486635214268972	-0.10801327445963693	0.048452049000843544
0.62	-1.7443329213689083	-1.2065696513200237	-0.1287200413268863	0.05243028435870656
0.63	-1.6886627113216832	-1.2779976170886584	-0.1523348304882859	0.05541456907394604
0.64	-1.616622597312812	-1.3655827776010483	-0.17896931229054758	0.056821878672963066
0.65	-1.5245147164471007	-1.4723686622583045	-0.2086322205300064	0.0559024492295066
0.66	-1.4072482614797082	-1.6019213584968384	-0.2411823551319685	0.05170724257823167
0.67	-1.2592503104961281	-1.758485492426189	-0.27626921040689467	0.04305240372013941
0.68	-1.0734605226704446	-1.9468931963183422	-0.3132555797122052	0.028479989481638768
0.69	-0.8413126748346826	-2.172848561727733	-0.3511207180515896	0.006216340854734881
0.7	-0.5521924916989462	-2.4429215938162088	-0.38833737652112177	-0.025871451699458703
0.71	-0.19385643425971466	-2.764587497201319	-0.4227196799573676	-0.07031783177444595
0.72	0.2490078166360945	-3.1466112628331757	-0.4512312997906065	-0.13010025484254584
0.73	0.7946566047249917	-3.5986852819578417	-0.4697494123869319	-0.20867151181573718
0.74	1.4652254958505182	-4.132199866320661	-0.47277317693072973	-0.30998402561726834
0.75	2.287002916319125	-4.759704541709652	-0.45306477796339095	-0.4384901202347464