0.	0.16977561071465747	0.7415562072122917	0.	0.
0.01	0.18125670511045847	0.7495813814802157	-1.8596235662471372e-15	1.3322676295501878e-15
0.02	0.19287675868546508	0.7569669764163272	8.049116928532385e-16	2.3314683517128287e-15
0.03	0.20462528645394573	0.7637009584016065	-2.0539125955565396e-15	3.4416913763379853e-15
0.04	0.21649146748953918	0.7697712812292951	-9.853229343548264e-15	-1.2212453270876722e-15
0.05	0.22846438638204894	0.7751661477732722	-7.049916206369744e-15	-1.1102230246251565e-16
0.06	0.24053249771132745	0.779873486472215	-9.159339953157541e-16	5.995204332975845e-15
0.07	0.2526841136356154	0.7838818664832896	-4.496403249731884e-15	2.220446049250313e-15
0.08	0.26490724189066117	0.7871795344565028	-1.3100631690576847e-14	2.55351295663786e-15
0.09	0.2771894875652866	0.7897549241186463	-1.6653345369377348e-15	5.551115123125783e-15
0.1	0.2895180989046515	0.7915965523398267	8.826273045769994e-15	1.7430501486614958e-14
0.11	0.30187995746160246	0.7926930217635875	-1.2878587085651816e-14	5.551115123125783e-16
0.12	0.3142615729565122	0.7930330213741097	1.0547118733938987e-15	2.3314683517128287e-14
0.13	0.3266490730632807	0.7926053334055709	2.275957200481571e-15	2.6645352591003757e-15
0.14	0.33902819105788873	0.7913988331899257	2.609024107869118e-15	1.6431300764452317e-14
0.15	0.3513842601781466	0.7894024948559191	2.831068712794149e-15	1.6653345369377348e-15
0.16	0.3637021981988757	0.7866053948665361	6.161737786669619e-15	4.3076653355456074e-14
0.17	0.3759664986985689	0.7829967166443922	1.8984813721090177e-14	5.10702591327572e-15
0.18	0.38816103280236647	0.7785657340997786	2.375877272697835e-14	2.5757174171303632e-14
0.19	0.40026977337541364	0.7733019095400888	5.312417172831374e-14	6.106226635438361e-14
0.2	0.4122756696265288	0.7671947483691108	1.192379528447418e-13	1.2534417948018017e-13
0.21	0.42416138181470886	0.7602339352502937	3.6193270602780103e-13	2.7267077484793845e-13
0.22	0.4359090650174619	0.7524092722837811	8.669731599297847e-13	6.686873277317318e-13
0.23	0.4475003610736947	0.7437107176074262	1.8390289291403406e-12	1.4632739464559563e-12
0.24	0.45891651573862996	0.734128246400596	4.086508909040276e-12	3.1415980927818055e-12
0.25	0.4701378017974367	0.723652418766318	8.493428182987373e-12	6.273315200644447e-12
0.26	0.48114434063144684	0.7122735611822419	1.7243650951570544e-11	1.25830457164966e-11
0.27	0.49191551329574174	0.6999823284636345	3.41481287691181e-11	2.4408919330198842e-11
0.28	0.502430078563882	0.6867695834125789	6.592582035835903e-11	4.6286863231159714e-11
0.29	0.5126661482106419	0.6726264102633239	1.241033942278591e-10	8.59289306376354e-11
0.3	0.5226011594856976	0.6575441322275957	2.290084788469926e-10	1.5623402571662837e-10
0.31	0.5322118457648528	0.6415143312196581	4.1393377614440396e-10	2.786038066915353e-10
0.32	0.5414742065896757	0.6245288669054204	7.338771812470668e-10	4.878293324850347e-10
0.33	0.5503634729017167	0.6065799011454854	1.2781807834372216e-9	8.398191031488977e-10
0.34	0.5588540745034974	0.5876599207061801	2.1890832480053746e-9	1.4231544831488918e-9
0.35	0.5669195995929838	0.5677617688254588	3.6898960553699567e-9	2.3758901512849206e-9
0.36	0.5745327559158171	0.5468786705996393	6.127188534321704e-9	3.911492352237644e-9
0.37	0.5816653291405132	0.5250042692798906	1.0031034669566452e-8	6.355529325041687e-9
0.38	0.5882881344057657	0.5021326628935405	1.620319600714737e-8	1.0199844080460707e-8
0.39	0.5943709643749324	0.4782584404759649	2.584165381680492e-8	1.6179787343251206e-8
0.4	0.5998825537688492	0.453376740698593	4.0717712979088105e-8	2.5385344715189717e-8
0.41	0.6047904321727633	0.42748345781073466	6.342215730370526e-8	3.9417549224651793e-8
0.42	0.609061149332322	0.4005745982026116	9.770860132096715e-8	6.060945539898555e-8
0.43	0.6126597844446252	0.3726474031334545	1.489623538963869e-7	9.233472858527492e-8
0.44	0.6155501686462919	0.3436997029156378	2.2484131689815e-7	1.3943736509869353e-7
0.45	0.6176947320424582	0.31373017008901893	3.3613959282696726e-7	2.088244505094039e-7
0.46	0.6190544221723953	0.2827383965004611	4.979467841392804e-7	3.102837792812174e-7
0.47	0.6195886145867451	0.25072498295842516	7.311883987171086e-7	4.5759949041102033e-7
0.48	0.6192550155743018	0.21769163650197845	1.0646590050678029e-6	6.700747988697131e-7
0.49	0.6180095572660704	0.18364127953578327	1.537687518871067e-6	9.745934379801202e-7
0.5	0.6158062819124595	0.1485781667471071	2.203602010419914e-6	1.4084061567276596e-6
0.51	0.6125972144675155	0.11250802018241607	3.134209466848503e-6	2.022873108464829e-6
0.52	0.6083322245175539	0.07543817138140402	4.425537169283622e-6	2.8884784794569462e-6
0.53	0.6029588711829179	0.03737772569300496	6.205147862536897e-6	4.101517980970026e-6
0.54	0.5964222325916646	-0.0016622628389982852	8.641388067220923e-6	5.792990276753951e-6
0.55	0.5886647134366562	-0.04166859543029333	0.000011954998346941359	8.140370806541952e-6
0.56	0.5796258320372347	-0.08262571026359691	0.000016433578302721408	0.000011383152504595984
0.57	0.5692419762377332	-0.12451545116430596	0.000022449465515550493	0.00001584328948930902
0.58	0.5574461305943091	-0.1673168036757013	0.000030481655332925683	0.000021952003258218777
0.59	0.5441675605017503	-0.2110056156435759	0.000041142431908558486	0.00003028481281214246
0.6	0.5293314517152159	-0.2555542901303277	0.0000552094073734688	0.000041607175660374196
0.61	0.5128584940568881	-0.30093145528636966	0.00007366365116878715	0.00005693376449833476
0.62	0.4946643975097175	-0.3471016120336526	0.00009773449790401179	0.00007760521020910849
0.63	0.4746593240726439	-0.3940247634122336	0.00012895143502716921	0.00010538716267527448
0.64	0.4527472251305539	-0.441656030812545	0.00016920312017942862	0.00014259775484687376
0.65	0.4288250585663403	-0.489945265355528	0.00022080299954768678	0.00019227111294878307
0.66	0.4027818619886532	-0.5388366715571045	0.00028656010316907565	0.0002583664374414818
0.67	0.37449765513845534	-0.5882684616947166	0.0003698522147007055	0.0003460345123280639
0.68	0.3438421341504215	-0.6381725753531293	0.00047469662185922745	0.00046195627081258017
0.69	0.3106731238310851	-0.6884745032842075	0.0006058107166013738	0.0006147714459888709
0.7	0.27483473282149157	-0.7390932841504068	0.0007686505839926694	0.0008156192896072723
0.71	0.2361551744265324	-0.7899417547573379	0.0009694098294220077	0.001078818053939723
0.72	0.1944442962791279	-0.8409269667951071	0.0012149524907722475	0.0014227153313106644
0.73	0.14949017444380697	-0.8919522007624979	0.0015126436817151645	0.0018707471098677875
0.74	0.10105609922928072	-0.9429176078333401	0.0018700222805842492	0.0024527506800422483
0.75	0.04887624507075089	-0.9937240480618155	0.0022942437822207618	0.003206582057399432
0.76	-0.0073488223495196126	-1.0442773248810082	0.002791186119223077	0.004180095704349851
0.77	-0.06795714073870246	-1.0944946358589114	0.00336407332030747	0.005433548115455045
0.78	-0.13333061575974586	-1.1443137401874108	0.004011414697619398	0.007042487502331607
0.79	-0.20390012001458324	-1.1937055855748788	0.0047239800218812356	0.00910118471063992
0.8	-0.2801503049915384	-1.2426928124391285	0.005480429903790829	0.011726642966025214
0.81	-0.36262073168083275	-1.291372946942802	0.006241064365195892	0.015063180678567711
0.82	-0.4519062932539444	-1.339951807817387	0.006938976470141689	0.019287497828040845
0.83	-0.5486475081284424	-1.3887875810284525	0.00746760074443964	0.024614018175931784
0.84	-0.6535115304658853	-1.4384472453860506	0.007663288378379596	0.03130001826591422
0.85	-0.767150339630948	-1.489783935628926	0.007281002876660114	0.039649712555096306
0.86	-0.890128755921914	-1.5440313169063085	0.005960500315475681	0.05001567991753553
0.87	-1.02279993529575	-1.6029242534878196	0.003179348468542509	0.06279493561394012
0.88	-1.165094602806564	-1.6688362958955736	-0.0018124609160992122	0.07841481945119022
0.89	-1.3161753954826314	-1.7449290348958282	-0.010083561683048359	0.09730036223585126
0.9	-1.4738794618724307	-1.8352798339192422	-0.023148395733031624	0.11980829600787835
0.91	-1.6338148829891037	-1.9449059883411082	-0.04314569930803991	0.14610056270885718
0.92	-1.7879038705340102	-2.079497996296549	-0.07309030799184191	0.17590593121907183
0.93	-1.9220700678323541	-2.2444385159219715	-0.11722861049785349	0.20806705988272434
0.94	-2.0125472028665747	-2.442109254242778	-0.18153729586574752	0.23965318403773628
0.95	-2.020231874683713	-2.6650104807745945	-0.2743877169659452	0.26412172957038216