0.	-0.6338298235397486	-0.7061000522063761	0.	0.
0.01	-0.6396455481797731	-0.7092421259203027	1.7763568394002505e-15	1.2212453270876722e-15
0.02	-0.6455692843498826	-0.7122875419997173	-5.10702591327572e-15	3.774758283725532e-15
0.03	-0.6516031608372144	-0.7152336168520683	-3.552713678800501e-15	-1.1102230246251565e-15
0.04	-0.6577492143330799	-0.7180776380317919	2.3092638912203256e-14	0.
0.05	-0.6640094549427373	-0.7208169508866749	3.9968028886505635e-15	-8.881784197001252e-16
0.06	-0.6703858695062337	-0.7234489638230028	1.2656542480726785e-14	3.1086244689504383e-15
0.07	-0.6768804246375599	-0.7259711555121513	-2.4424906541753444e-15	-4.241051954068098e-14
0.08	-0.6834950691412212	-0.7283810802546453	-1.7985612998927536e-14	2.220446049250313e-14
0.09	-0.6902317404774638	-0.7306763771817615	4.773959005888173e-14	-5.306866057708248e-14
0.1	-0.6970923661188067	-0.7328547776475731	4.729550084903167e-14	-6.772360450213455e-14
0.11	-0.7040788682699837	-0.7349141151309415	4.884981308350689e-14	1.9984014443252818e-15
0.12	-0.7111931707421009	-0.736852335238614	4.551914400963142e-14	-5.728750807065808e-14
0.13	-0.7184372007840425	-0.7386675077880409	9.414691248821327e-14	-2.4424906541753444e-14
0.14	-0.7258128947070022	-0.7403578386436933	-2.9976021664879227e-14	5.329070518200751e-15
0.15	-0.7333222065859706	-0.7419216843490368	8.126832540256146e-14	3.9968028886505635e-15
0.16	-0.7409671118271144	-0.7433575664401206	7.30526750203353e-14	3.352873534367973e-14
0.17	-0.7487496133845495	-0.7446641889926888	1.8451906669270102e-13	-7.416289804496046e-14
0.18	-0.7566717517898123	-0.7458404568670483	4.620748228489902e-13	-9.14823772291129e-14
0.19	-0.764735612189869	-0.7468854954352135	8.957279362675763e-13	-1.9340085088970227e-13
0.2	-0.7729433325355477	-0.7477986733470297	2.248201624865942e-12	-3.4505731605349865e-13
0.21	-0.781297116002226	-0.748579626596267	5.560663041137559e-12	-1.0882406087375784e-12
0.22	-0.7897992379609695	-0.7492282852994336	1.2520651182512665e-11	-3.12150305603609e-12
0.23	-0.7984520620958624	-0.7497449030061176	2.81865641937884e-11	-8.306022536430646e-12
0.24	-0.8072580518064141	-0.7501300888885285	6.082379044869413e-11	-2.1095569735507524e-11
0.25	-0.8162197859698059	-0.7503848431141891	1.2730350107403865e-10	-5.007727565953246e-11
0.26	-0.8253399743540821	-0.7505105958935683	2.578561808519453e-10	-1.1409695410691256e-10
0.27	-0.8346214765590809	-0.7505092498751256	5.077311904244652e-10	-2.499382922849236e-10
0.28	-0.8440673222869706	-0.7503832267981512	9.745950713124785e-10	-5.284639392755253e-10
0.29	-0.8536807349539575	-0.7501355202039135	1.8244510346931975e-9	-1.0827383434275362e-9
0.3	-0.8634651543173724	-0.7497697506783019	3.338801013441639e-9	-2.155585487884082e-9
0.31	-0.8734242659494569	-0.7492902295241843	5.979453154836278e-9	-4.178198675930389e-9
0.32	-0.8835620329158225	-0.748702026740721	1.049507192263377e-8	-7.902931198344731e-9
0.33	-0.8938827283353796	-0.7480110476251567	1.8074245433652436e-8	-1.461337673092089e-8
0.34	-0.904390976113346	-0.7472241159106097	3.057560427066619e-8	-2.645925523125925e-8
0.35	-0.9150917921815673	-0.7463490664657901	5.085749266164896e-8	-4.6973979817011013e-8
0.36	-0.9259906323440272	-0.7453948475073071	8.325503708661586e-8	-8.187534561443499e-8
0.37	-0.9370934478855093	-0.744371633328774	1.3425019917967518e-7	-1.402647749060293e-7
0.38	-0.9484067420671447	-0.7432909496689559	2.1341005163044713e-7	-2.3642090551945216e-7
0.39	-0.9599376379392683	-0.7421658130018591	3.3468020288474065e-7	-3.924321165804656e-7
0.4	-0.9716939536377622	-0.7410108839956013	5.181562712230914e-7	-6.420214271329883e-7
0.41	-0.9836842831824137	-0.7398426400084492	7.924794938052315e-7	-1.0360306950119025e-6
0.42	-0.9959180902408333	-0.7386795653341856	1.1980520786547544e-6	-1.6502063964196623e-6
0.43	-1.0084058101055133	-0.737542365061084	1.7913144321202168e-6	-2.596124523801535e-6
0.44	-1.0211589644584347	-0.7364542034908137	2.650396681458389e-6	-4.0363787188191225e-6
0.45	-1.0341902882867042	-0.7354409710468657	3.882535396515507e-6	-6.205466350550637e-6
0.46	-1.047513871860931	-0.7345315843872506	5.633734015964009e-6	-9.438271295181266e-6
0.47	-1.061145317606758	-0.7337583225737396	8.101304386887165e-6	-0.000014208529315773433
0.48	-1.0751019113086853	-0.7331572097079309	0.000011550038649055239	-0.000021180338889426054
0.49	-1.0894028127276265	-0.7327684687013281	0.000016332987214484618	-0.00003127655470169799
0.5	-1.104069266906917	-0.7326369020921533	0.000022918051037823517	-0.000045768856289818416
0.51	-1.1191248239304765	-0.732812600840099	0.00003192189492784436	-0.00006639543537279025
0.52	-1.1345957156788637	-0.7333514437733628	0.00004415305561233929	-0.00009551355809023221
0.53	-1.1505106156373015	-0.7343159265290922	0.00006066659881986958	-0.00013629588175101404
0.54	-1.1669016600070279	-0.7357758521363809	0.00008283322181101838	-0.00019298122973676612
0.55	-1.1838042466178058	-0.7378093386671294	0.00011242640229602863	-0.00027119258111696354
0.56	-1.2012574539992285	-0.7405038671256681	0.00015173203412199854	-0.00037833752091431805
0.57	-1.219304335684472	-0.7439575000666387	0.00020368599170295099	-0.000524109010185736
0.58	-1.2379922080325456	-0.7482802816427876	0.00027204630652954975	-0.0007211073567665593
0.59	-1.2573729069910966	-0.7535958397416285	0.00036160803101958905	-0.0009856075615841675
0.6	-1.277503004749391	-0.7600432238151313	0.00047847059255978763	-0.0013384996952181538
0.61	-1.2984438830385339	-0.7677789051588162	0.0006303692991014298	-0.0018064337212715387
0.62	-1.3202620430640954	-0.7769796106277465	0.0008270857345165084	-0.0024232042248613084
0.63	-1.3430286134807874	-0.7878444549556409	0.0010809521562138436	-0.0032314138649347512
0.64	-1.366819296539246	-0.8005985081431382	0.0014074717703196349	-0.004284458886077758
0.65	-1.3917137392071015	-0.8154962856621131	0.001826076901305207	-0.005648882658839227
0.66	-1.417794626223653	-0.8328258819854257	0.002361053544402525	-0.007407146138699083
0.67	-1.4451462540951177	-0.8529134201085773	0.0030426659849487336	-0.009660865493585469
0.68	-1.4738526275818271	-0.876128558126398	0.003908523301453082	-0.012534567445916522
0.69	-1.5039948431533836	-0.902890069013683	0.0050052416980534975	-0.016180012378629982
0.7	-1.5356467550619968	-0.9336730172089691	0.006390476707381687	-0.020781130840124007
0.71	-1.5688709165543029	-0.9690154031404612	0.008135422790034763	-0.026559641624474217
0.72	-1.6037117562996885	-1.0095267763519296	0.010327913998673166	-0.03378142744248258
0.73	-1.6401848783702886	-1.0558980837890664	0.013076258798336626	-0.04276382174050841
0.74	-1.678270556168827	-1.1089112739539377	0.016513877198149007	-0.05388408174844628
0.75	-1.7178949892795679	-1.1694524469749412	0.020804535800412527	-0.06758921102863802
0.76	-1.7589159674810253	-1.2385250101906475	0.0261477908145491	-0.08440710166824861
0.77	-1.8011026423993706	-1.3172643315643846	0.032784358752881326	-0.10495818518946098
0.78	-1.844109835191163	-1.406952661250056	0.041002104784875204	-0.1299665239171226
0.79	-1.887446571323149	-1.5090315251365576	0.051144051074689445	-0.16027013906447873
0.8	-1.930434407643819	-1.6251169985161233	0.06361943922586355	-0.19683138045731496
0.81	-1.9721532383565135	-1.757013844736015	0.07891742422661863	-0.2407479252390754
0.82	-2.0113770578761625	-1.906731302389014	0.0976228431277737	-0.2932640372294806
0.83	-2.046492977202761	-2.0764978567316614	0.12043396379883431	-0.35578048999922274
0.84	-2.075399759678636	-2.268773144558205	0.14818272611900385	-0.4298615532548169
0.85	-2.0953896225183106	-2.486249229943608	0.18185841939354175	-0.517237421991279
0.86	-2.1029873515337574	-2.731851789127571	0.22263587048908207	-0.6197990930001431
0.87	-2.09375980421183	-3.0087224924785385	0.27190951468000524	-0.7395833515462833
0.88	-2.0620742919836026	-3.320177276564081	0.3313344804212699	-0.8787435223539806
0.89	-2.0007904286255167	-3.6696408817797597	0.4028781701797328	-1.0394990049291142
0.9	-1.9008763269244824	-4.060521790556004	0.4888842583256272	-1.2240577479159391
0.91	-1.7509159973463806	-4.496022407610914	0.5921557204435954	-1.434498709270807
0.92	-1.5364864184704832	-4.978818048497319	0.7160596783494722	-1.6726030247934016
0.93	-1.2393607737141998	-5.510559363450373	0.8646613846406535	-1.9396122810492678
0.94	-0.836498258608108	-6.091060555647642	1.0428826542904481	-2.235885048719089
0.95	-0.2987800151900064	-6.716984918934774	1.2566666161654805	-2.5603969394237716