0.	-3.506912129945704	-6.3807155706604135	0.	0.
0.01	-3.452561545178469	-6.362177493925174	-7.275957614183426e-12	3.410605131648481e-11
0.02	-3.399875488984435	-6.341238156916916	-3.183231456205249e-11	-2.091837814077735e-11
0.03	-3.348136097245515	-6.318404374352667	1.4551915228366852e-11	2.078195393551141e-10
0.04	-3.2965376932716026	-6.294130642691016	1.0186340659856796e-10	2.4920154828578234e-10
0.05	-3.245678726652841	-6.268210676586932	-5.4569682106375694e-11	1.1095835361629725e-10
0.06	-3.1954177928837453	-6.240942321783223	1.9190338207408786e-10	3.0968294595368207e-10
0.07	-3.1458686620717344	-6.212194058628484	2.3646862246096134e-11	2.2464519133791327e-10
0.08	-3.096947501422619	-6.182278375138594	-1.6916601452976465e-10	2.810338628478348e-10
0.09	-3.0487300376926214	-6.150679164782559	-1.3278622645884752e-10	1.4506440493278205e-10
0.1	-3.0008198527993954	-6.117900617231044	-2.828528522513807e-10	3.36058292305097e-10
0.11	-2.9541025138196346	-6.083959428531443	-7.166818249970675e-10	3.2218849810305983e-10
0.12	-2.9074498411318928	-6.048973231135506	2.455635694786906e-10	1.1707470548572019e-9
0.13	-2.861850268179296	-6.012967705504707	1.7062120605260134e-9	2.7921487344428897e-9
0.14	-2.816821821470512	-5.975738675285811	3.105014911852777e-9	6.769823812646791e-9
0.15	-2.772118128828879	-5.937759169180936	7.870767149142921e-9	1.8053924577543512e-8
0.16	-2.728262020731563	-5.898640903175647	1.4635588740929961e-8	4.365324457467068e-8
0.17	-2.685217974945772	-5.858700965430899	2.6339876058045775e-8	1.0223106983175967e-7
0.18	-2.6427465340057097	-5.817831215882961	4.0403392631560564e-8	2.263730038976064e-7
0.19	-2.600681344039913	-5.77626194304753	4.712273948825896e-8	4.79949449072592e-7
0.2	-2.5591676565054513	-5.733947319715071	2.0260813471395522e-8	9.718430646898923e-7
0.21	-2.518047416855552	-5.690849548561573	-1.0702297004172578e-7	1.8860812360799173e-6
0.22	-2.4778502883582405	-5.647452428723682	-4.701778379967436e-7	3.5185591968911467e-6
0.23	-2.437802441225358	-5.603218960870208	-1.340456037723925e-6	6.331654049063218e-6
0.24	-2.398850079692238	-5.558582223722851	-3.211664079572074e-6	0.000011018294799214345
0.25	-2.3596928005808877	-5.513101078858199	-6.9493135015363805e-6	0.000018581520180305233
0.26	-2.3209293985555632	-5.467665629740168	-0.000014006116543896496	0.000030423501812038012
0.27	-2.2828621177077366	-5.42158902460892	-0.00002673015660548117	0.00004844140426030208
0.28	-2.245287885712969	-5.375418038346879	-0.000048796373448567465	0.0000750939227600611
0.29	-2.2076973374432782	-5.3284816182590475	-0.00008579872155678459	0.00011345089615133475
0.3	-2.1702063515785994	-5.281742007538924	-0.00014601927887269994	0.00016716843606445764
0.31	-2.1335709672985104	-5.234412267637026	-0.00024143402788467938	0.00024034238492731674
0.32	-2.0967815945959956	-5.187004591977029	-0.00038897155991435284	0.00033720735564202187
0.33	-2.0600203717231125	-5.139281497232332	-0.0006120685111454804	0.0004615761747572833
0.34	-2.0237641200419603	-5.091804454511021	-0.000942529397434555	0.0006159596880479512
0.35	-1.9868459813278605	-5.0438149005869946	-0.001422722079041705	0.0008002455672340147
0.36	-1.9507019540697002	-4.996259855599874	-0.002108098493408761	0.001009821807656408
0.37	-1.9142258538067836	-4.9481117185000585	-0.003070011153795349	0.0012330277299952286
0.38	-1.8775391701374247	-4.90023359424481	-0.004398808985570213	0.0014477643612735847
0.39	-1.8408644490436927	-4.852255220797133	-0.006207127145898994	0.001617157841565131
0.4	-1.803863415356318	-4.804439445867274	-0.00863328610194003	0.001684096880353536
0.41	-1.7666691016665936	-4.756597043873171	-0.01184469823829204	0.0015645176567886665
0.42	-1.7294642829638178	-4.708775810462612	-0.016041117796703475	0.0011393039212634903
0.43	-1.691687424585325	-4.660466796560286	-0.021457614225255384	0.0002446702326324157
0.44	-1.653686549115264	-4.612586455368273	-0.028367036710733373	-0.0013390652306952688
0.45	-1.6149350019477424	-4.56489273439729	-0.037081817512444104	-0.0039004021778055176
0.46	-1.5761143918275593	-4.517067580595494	-0.04795489407615605	-0.007811364355347905
0.47	-1.5365508690479146	-4.468916719655681	-0.061379517831937846	-0.01354398738430973
0.48	-1.4965978611676292	-4.420797889983078	-0.07778775961287465	-0.021688657883714768
0.49	-1.456348309866371	-4.372425167873189	-0.09764748125007827	-0.0329742847829948
0.5	-1.415743668045252	-4.323682927737991	-0.12145756212021297	-0.04829026127072211
0.51	-1.3749866283314987	-4.274669010200341	-0.14974116832991058	-0.06871024297015538
0.52	-1.3338063716905708	-4.224951900433098	-0.18303688621745096	-0.09551766218601188
0.53	-1.2927376846582774	-4.1747022979093344	-0.22188750993745998	-0.13023289405236937
0.54	-1.2518998611631105	-4.1235358453814115	-0.2668262604324809	-0.17464204116549809
0.55	-1.211491194078917	-4.071389979458672	-0.3183604231253412	-0.23082730130272466
0.56	-1.1720089109444416	-4.017882958818518	-0.3769519678535289	-0.30119873256626306
0.57	-1.1346307446347055	-3.9635689451620237	-0.4429952935320216	-0.3885273676141878
0.58	-1.0984539324972502	-3.906329370147887	-0.5167915360034385	-0.49597953988268273
0.59	-1.0651929622786156	-3.848104776229775	-0.5985202760798529	-0.6271525270494749
0.6	-1.0354642665793108	-3.7876631272674786	-0.6882068569543662	-0.7861110831204314
0.61	-1.0103911425330807	-3.7239047969424064	-0.7856868706012392	-0.9774244958757663
0.62	-0.9909129963843952	-3.6581999201862345	-0.8905668502152366	-1.206205384646637
0.63	-0.97912160846181	-3.5887677262671787	-1.0021815996465193	-1.4781477403553254
0.64	-0.9765258656634614	-3.5160687027937456	-1.1195472563877047	-1.799566584578315
0.65	-0.9849153942654993	-3.438805699839122	-1.2413110189781946	-2.177437310989717
0.66	-1.0077760433368894	-3.358090433169309	-1.3656980854516405	-2.619435586599593
0.67	-1.0464571062202594	-3.272959770878515	-1.4904518641224058	-3.1339769827104647
0.68	-1.1055451165193517	-3.1828395538550467	-1.6127773627563329	-3.7302549757623638
0.69	-1.188521868006319	-3.0892571671206497	-1.7292720736973024	-4.418284096144362
0.7	-1.2992270532326984	-2.9903361627493723	-1.8358611832841234	-5.208933683600208
0.71	-1.4440273764971607	-2.8878259724833697	-1.9277289590063447	-6.113971196241437
0.72	-1.6286681031378976	-2.7807688076168233	-1.99924289310502	-7.146094897626881
0.73	-1.8588547145959637	-2.671009228739422	-2.043880778021503	-8.318979155408215
0.74	-2.143311681185878	-2.5586770797453937	-2.0541514361034388	-9.647302564503207
0.75	-2.4898125002223424	-2.4455309156069234	-2.02152527788121	-11.146791811156163