0.	0.3209597111014703	0.31551654551435204	0.	0.
0.01	0.32092926593605675	0.315397241878226	0.	0.
0.02	0.32083785252682234	0.3150388613370828	0.	0.
0.03	0.3206853654035233	0.31444158752359874	0.	0.
0.04	0.3204716068101937	0.31360546953956453	0.	0.
0.05	0.32019630014802436	0.3125305679094622	0.	0.
0.06	0.3198590889685445	0.31121697085444716	0.	0.
0.07	0.31945953754218265	0.3096647726041876	0.	0.
0.08	0.31899712974651573	0.3078741012883981	0.	0.
0.09	0.31847126872341114	0.30584509491402023	0.	0.
0.1	0.31788127725741044	0.3035779161456339	0.	0.
0.11	0.3172263957503379	0.3010727502000635	8.881784197001252e-16	-1.1102230246251565e-16
0.12	0.3165057833177377	0.298329802922468	4.440892098500626e-16	-5.551115123125783e-17
0.13	0.31571851506789583	0.2953493046175871	-2.55351295663786e-15	3.885780586188048e-16
0.14	0.31486358337463144	0.2921315120455158	-2.7755575615628914e-16	-1.6653345369377348e-15
0.15	0.313939895949927	0.28867670083757113	-9.43689570931383e-16	-3.3306690738754696e-15
0.16	0.31294627531574903	0.2849851830250383	-9.825473767932635e-15	1.4988010832439613e-15
0.17	0.311881457275249	0.2810572906812024	-2.5368596112684827e-14	2.1649348980190553e-15
0.18	0.310744090941226	0.27689338855859463	-6.372680161348399e-14	1.149080830487037e-14
0.19	0.3095327366083362	0.2724938767349022	-1.7463808177353712e-13	3.3639757646142243e-14
0.2	0.3082458656897852	0.2678591831333877	-4.2799097599299785e-13	9.353628982466944e-14
0.21	0.3068818583106778	0.2629897742211329	-1.0361711488826586e-12	2.2321033910088772e-13
0.22	0.3054390024631499	0.25788615238272694	-2.405409205152864e-12	5.304090500146685e-13
0.23	0.30391549432018417	0.2525488582728237	-5.36959365859957e-12	1.2052026043818387e-12
0.24	0.30230943361722395	0.2469784748676523	-1.1602108163089042e-11	2.6635915695294443e-12
0.25	0.30061882526751404	0.24117563276608958	-2.429900725076095e-11	5.69330693700465e-12
0.26	0.2988415236248	0.2351411803724761	-4.945971410208472e-11	1.1842471447920389e-11
0.27	0.2969754419336941	0.22887549543861113	-9.803180489598162e-11	2.3990170960885848e-11
0.28	0.2950182866046171	0.22237941412866133	-1.8958862257889564e-10	4.742234382959509e-11
0.29	0.2929675550121747	0.2156539975409763	-3.583724428324331e-10	9.167333558934843e-11
0.3	0.2908208012867923	0.20870002882801075	-6.631284410474336e-10	1.735186716533832e-10
0.31	0.2885754205937039	0.20151846390380984	-1.2028678608722032e-9	3.2206137756674025e-10
0.32	0.2862286992581109	0.1941103278324727	-2.141603894223465e-9	5.868796282282318e-10
0.33	0.2837778140660453	0.18647672087799613	-3.746780996571886e-9	1.0511570225357758e-9
0.34	0.28121983139024254	0.17861881611971733	-6.448050204888034e-9	1.8524060618752003e-9
0.35	0.27855170366480664	0.17053786873621546	-1.092597912144555e-8	3.2148792794561842e-9
0.36	0.27577026813323985	0.1622352222939096	-1.8244471045036903e-8	5.499504240891184e-9
0.37	0.2728722458977373	0.15371231019034426	-3.004595311439928e-8	9.280121116006512e-9
0.38	0.26985486792764535	0.1449705116373472	-4.883618998086092e-8	1.5458581026361884e-8
0.39	0.2667127213184015	0.13601182755771324	-7.839465065995199e-8	2.543671506760603e-8
0.4	0.2634440605275087	0.12683774678100035	-1.2436311380703557e-7	4.13708239332955e-8
0.41	0.26004448804240365	0.11745018866145654	-1.950757909097156e-7	6.654529635663486e-8
0.42	0.25651011085799347	0.1078511537037387	-3.0272641904360853e-7	1.0591570465123823e-7
0.43	0.25283691010384146	0.09804277063569874	-4.6499023548252083e-7	1.668925790065945e-7
0.44	0.2490207351977845	0.0880273219505579	-7.072608066704955e-7	2.604632996366929e-7
0.45	0.24505730639506554	0.0778072335662322	-1.0657098236666052e-6	4.0278651736169735e-7
0.46	0.2409422096729687	0.06738511162126881	-1.5914392406668476e-6	6.174418284987659e-7
0.47	0.2366708971370362	0.05676373028947951	-2.3560732083649505e-6	9.385835212580296e-7
0.48	0.2322386845168395	0.045946067329401485	-3.4592318131632105e-6	1.4153323972532217e-6
0.49	0.22764074954556882	0.03493530307439932	-5.038447144889435e-6	2.117855929746615e-6
0.5	0.2228720921380235	0.023735016410544388	-7.282222103999203e-6	3.1457307084550856e-6
0.51	0.21792769266088347	0.012348414453636321	-0.000010447113771516747	4.639419427319991e-6
0.52	0.2128022408125122	0.0007798277332752013	-0.000014879881172991105	6.795808955722266e-6
0.53	0.20749035018277848	-0.01096663221563473	-0.000021046068170604837	9.889379597581571e-6
0.54	0.20198646866723266	-0.022886399012974804	-0.000029566520731383328	0.000014300640833415923
0.55	0.19628487116066742	-0.0349746178862413	-0.00004126372887883201	0.000020554348875309603
0.56	0.1903797028616136	-0.047225744997136596	-0.000057220278793096435	0.000029370436387024523
0.57	0.1842649037884823	-0.059634018541865855	-0.00007885164056492533	0.00004173199699407382
0.58	0.17793423714275058	-0.07219302348890722	-0.00010799641975126062	0.00005897512418251427
0.59	0.1713812686544998	-0.08489569244826954	-0.00014702687676426685	0.0000829076242643001
0.6	0.16459935066614742	-0.0977341872763555	-0.00019898293204426154	0.00011596512936251635
0.61	0.15758160755755238	-0.11069975612133186	-0.00026773266811166985	0.00016141575977419997
0.62	0.1503208657745543	-0.12378248463382661	-0.00035816190091422784	0.0002236276567921247
0.63	0.1428098463496183	-0.13697132014642344	-0.0004763941845583042	0.0003084171691607185
0.64	0.1350408513257519	-0.15025341561388217	-0.0006300412567630254	0.0004235020982823745
0.65	0.12700595068074	-0.16361409478774627	-0.0008284792621443549	0.000579088893779528
0.66	0.11869701927762129	-0.17703599649095716	-0.001083146839660723	0.0007886304487315365
0.67	0.11010571659842158	-0.19049900876011405	-0.0014078398107512102	0.0010698083669671288
0.68	0.10122365795953164	-0.20397921144622772	-0.0018189873264273793	0.0014457944378856724
0.69	0.0920426231648174	-0.21744807325644028	-0.0023358590541489727	0.0019468765992247394
0.7	0.08255483775600461	-0.23087120037070968	-0.002980639289086734	0.0026125485965043937
0.71	0.07275383693638704	-0.2442073335497262	-0.003778275579653434	0.003494190475998943
0.72	0.06263489982719608	-0.2574060993431292	-0.004755939797311329	0.0046585191224964295
0.73	0.0521967430700335	-0.27040581003574	-0.005941947040542954	0.006192005243893239
0.74	0.041443349668741476	-0.2831311318721294	-0.007363740607480407	0.008206561339115237
0.75	0.030386894123372497	-0.2954891749834673	-0.00904463702105119	0.010846845325556131
0.76	0.019052753208658395	-0.30736629862798337	-0.010998723549503653	0.014299710501262441
0.77	0.007482836507530358	-0.3186194107073268	-0.013222914321186462	0.018806051781487476
0.78	-0.004250597746724455	-0.32907462135127175	-0.015685646753836227	0.02467706283716803
0.79	-0.016037413009024816	-0.3385136306391776	-0.01830967343363124	0.032313971947181885
0.8	-0.02770944302646722	-0.3466660129907757	-0.02094801446047961	0.042234767423037334
0.81	-0.039016838870361586	-0.35319363483386745	-0.023349459188290067	0.05510875422568656
0.82	-0.04959318084986546	-0.3576741635994378	-0.02511018010863611	0.07180179283393684
0.83	-0.05890817553517959	-0.3595777722667719	-0.02560586058972869	0.09343621089756815
0.84	-0.06620173938951357	-0.35823751735495574	-0.023897959730232954	0.12147037337393374
0.85	-0.07039181473703898	-0.3528093207601319	-0.01860506889174461	0.15780442510987985
0.86	-0.06994987300219446	-0.34221948231561483	-0.00772481774856526	0.20492317404072247
0.87	-0.06272720811831028	-0.32509227988678874	0.011606119597892525	0.26608846982980466
0.88	-0.04571972736585853	-0.29965074319567303	0.04343983708154158	0.3456027102949298
0.89	-0.014744727035421928	-0.263578404196742	0.09345821993661418	0.44916782899268176
0.9	0.03599715927527837	-0.21382283963159102	0.16956525023818952	0.5843839232208594
0.91	0.11451723631672203	-0.1463158710564483	0.28267700610009516	0.761438875828327
0.92	0.23184202176339902	-0.055568609646737335	0.44776826695411137	0.9940733920661278
0.93	0.403093814748607	0.06591506151461393	0.6852528204710433	1.300931778199513
0.94	0.6489255233962161	0.22850963422899467	1.0227510318865332	1.7074691737897316
0.95	0.9974476825639613	0.4467204944720418	1.4974414520533894	2.248642302572634