0.	-0.24474818003568188	0.04637334197588672	0.	0.
0.01	-0.24330445569955828	0.03927957118918357	1.7266188478970435e-12	-6.394884621840902e-14
0.02	-0.24170820760297218	0.03137193456000631	1.7852386235972517e-12	1.4921397450962104e-13
0.03	-0.23994317233698226	0.022690530845267176	-8.5087492607272e-13	-2.34123831432953e-12
0.04	-0.23799487500116356	0.013274120033162973	2.646771690706373e-12	2.632560835991171e-12
0.05	-0.23584928004123817	0.0031616492742614355	2.284394895468722e-12	-1.4459544672718039e-12
0.06	-0.23349383209300534	-0.007609699970899442	4.231281991451397e-12	-2.8848035071860068e-12
0.07	-0.23091952501172663	-0.0190026880006684	-1.8243184740640572e-12	-5.151434834260726e-13
0.08	-0.22811576907101205	-0.030981179231471145	3.909761403519951e-12	-3.844036200462142e-12
0.09	-0.22507885175057218	-0.04351509260339981	-2.9238833576528123e-12	3.1654678878112463e-12
0.1	-0.2218018772296002	-0.056570782598608815	1.8136603330276557e-12	-8.917311333789257e-13
0.11	-0.2182808853349707	-0.07011775850353175	5.790923296444817e-13	2.7391422463551862e-12
0.12	-0.2145131925752093	-0.0841270451447862	-2.681410649074678e-12	3.154809746774845e-12
0.13	-0.21049671558149452	-0.09857159903208768	3.810285420513537e-12	1.1652900866465643e-12
0.14	-0.20623200883836823	-0.11342474566980698	1.4486190025309043e-12	4.455102953215828e-12
0.15	-0.20171891265172892	-0.12866255451451636	3.198330489340151e-12	4.249045559845399e-12
0.16	-0.1969600272519889	-0.14426347780919002	-2.821742839387298e-12	2.2808421817899216e-12
0.17	-0.19195372480135564	-0.16020403182700704	-1.6697754290362354e-13	-2.7746693831431912e-12
0.18	-0.1867050569941764	-0.1764654056184476	3.1228353236656403e-12	2.4300561562995426e-12
0.19	-0.18121628040997972	-0.19302961081844927	-9.405809464624326e-13	8.01847477305273e-12
0.2	-0.1754904702253386	-0.20988002095143443	-4.973799150320701e-12	1.957189965651196e-11
0.21	-0.16953027649461827	-0.2269996127728433	1.3199219495163561e-11	5.7774229844653746e-11
0.22	-0.16334064507232515	-0.244378337439624	2.021671718921425e-11	1.2665424264923786e-10
0.23	-0.15692432319075245	-0.2620020891936683	2.8103741556151363e-11	2.4732216274969687e-10
0.24	-0.15028470335721966	-0.27985990984836917	5.065370345391784e-11	5.136122638305096e-10
0.25	-0.14342428839000565	-0.2979423812558579	6.815437103568911e-11	1.0175540410273243e-9
0.26	-0.13634801581574596	-0.3162420171706053	6.857980849872547e-11	1.9539214690666995e-9
0.27	-0.12905533031137306	-0.3347492617732897	2.525357700733366e-11	3.6560976468535955e-9
0.28	-0.12155022405237759	-0.3534592961069407	-1.4783285706698734e-10	6.6585386093720444e-9
0.29	-0.11383339743863541	-0.372367105742093	-5.897939914234485e-10	1.1839482283448888e-8
0.3	-0.10590550118299102	-0.3914686261603322	-1.5957146715095405e-9	2.0598449168574007e-8
0.31	-0.0977660710145738	-0.4107589792677153	-3.622965039085102e-9	3.509814305857617e-8
0.32	-0.08941476845902319	-0.43023910319204006	-7.561568260427975e-9	5.8690769577651736e-8
0.33	-0.08084951042201283	-0.4499056664502845	-1.4807536530270227e-8	9.637227549319505e-8
0.34	-0.07206688650215298	-0.4697575925064097	-2.7670616020714078e-8	1.5562443600458664e-7
0.35	-0.06306428258174002	-0.4897952693950476	-4.976643452891949e-8	2.473425730897816e-7
0.36	-0.05383613504567819	-0.5100162168992028	-8.67777529833802e-8	3.873186393832384e-7
0.37	-0.044376493389005844	-0.5304215014580382	-1.472620798637081e-7	5.980844139941155e-7
0.38	-0.034678264300595174	-0.551011242288034	-2.440721829088943e-7	9.114169028379138e-7
0.39	-0.02473303686535111	-0.5717840265449947	-3.961385814932328e-7	1.371670990124585e-6
0.4	-0.014531526051136723	-0.5927427839605368	-6.308851077108102e-7	2.0400953388843845e-6
0.41	-0.004062617652294875	-0.6138856943098503	-9.876101980665908e-7	3.000491467730626e-6
0.42	0.006684736295955673	-0.6352134939699816	-1.5218437763309112e-6	4.366394206201107e-6
0.43	0.01772376655237018	-0.6567226286064098	-2.3111487674754017e-6	6.290404289899243e-6
0.44	0.02906869456100658	-0.6784123551018801	-3.4627979879076065e-6	8.975820785295241e-6
0.45	0.04073475108015856	-0.7002800653871084	-5.123464172029912e-6	0.000012691443100010247
0.46	0.05273834659391241	-0.7223207911173883	-7.491960364092165e-6	0.000017790028982389572
0.47	0.06509711530925699	-0.74453249929498	-0.000010835241447182398	0.000024731249048670634
0.48	0.07782866574052782	-0.7669094048840464	-0.000015508742777115003	0.00003411007866560567
0.49	0.0909522808565768	-0.7894421585138378	-0.00002198193374347568	0.00004669168749593666
0.5	0.10448806236887087	-0.8121231145289398	-0.000030870232210489235	0.00006345410984298638
0.51	0.11845661186649359	-0.8349421040491629	-0.00004297449986090385	0.000085640165654155
0.52	0.13287962373917672	-0.8578857103433304	-0.00005932991787993558	0.00011482028919651555
0.53	0.1477777494827972	-0.8809440175256054	-0.0000812658105573405	0.00015296832352795775
0.54	0.1631743497031728	-0.9040980357727753	-0.00011047866227187342	0.00020255235970090268
0.55	0.17909061431073248	-0.9273308870538939	-0.00014912090960450541	0.000266643349966067
0.56	0.19554963165392714	-0.9506213000914432	-0.00019990810529790792	0.00034904421242032413
0.57	0.21257321661073014	-0.9739496093342996	-0.00026624792730878255	0.0004544430080066775
0.58	0.23018368047062765	-0.9972909203711149	-0.00035239465560010785	0.0005885934764160439
0.59	0.24840259420807342	-1.020616315313326	-0.0004636336508543337	0.0007585278788457828
0.6	0.26725155366887066	-1.0438968689834551	-0.0006065003682866887	0.0009728058426672348
0.61	0.286750655735462	-1.0670994186561433	-0.0007890399131813552	0.0012418055516505433
0.62	0.3069196649837096	-1.090192052550262	-0.00102111291375806	0.001578062364157251
0.63	0.3277775278009756	-1.11313377900232	-0.0013147555524657406	0.0019966624785761056
0.64	0.34934146427002055	-1.135883909995659	-0.0016846012833973134	0.002515697282959195
0.65	0.3716275457890639	-1.1584013869175207	-0.0021483732697884506	0.00315678846818912
0.66	0.39465202499701313	-1.1806364403097867	-0.002727458042839359	0.003945691899935433
0.67	0.4184269114512915	-1.202538693966988	-0.003447572462155435	0.004912989657742006
0.68	0.4429643146615021	-1.2240569856083816	-0.004339534182660643	0.006094882035289295
0.69	0.46827522923661036	-1.2451316714806713	-0.005440152963842593	0.00753409195923016
0.7	0.4943675225997133	-1.265700796060293	-0.006793258221241771	0.00928089293187262
0.71	0.5212482071474387	-1.285701649955413	-0.008450876574366717	0.011394275890046712
0.72	0.5489223787924811	-1.3050616541286217	-0.010474583955321748	0.013943273887212504
0.73	0.5773939159352572	-1.3237059229209314	-0.012937054482627275	0.01700845304950871
0.74	0.6066655446067983	-1.3415546412316464	-0.01592381676611687	0.020683598548728588
0.75	0.6367368480463931	-1.3585201986124416	-0.019535273841135847	0.02507760945315418
0.76	0.6676091856817141	-1.3745092781239072	-0.023888968826792478	0.030316622303184992
0.77	0.6992802049464188	-1.3894192773491678	-0.029122190546413407	0.036546396904239664
0.78	0.7317492379603756	-1.4031401031490751	-0.03539488130618906	0.04393497160150561
0.79	0.765014907060273	-1.415550010970911	-0.042892947418366134	0.05267563761840144
0.8	0.7990750816406003	-1.4265148163170016	-0.051832000806417255	0.06299024599537972
0.81	0.833930387954414	-1.4358876906667817	-0.06246152191691934	0.07513286906879868
0.82	0.8695810362553118	-1.443505151189707	-0.07506958177164336	0.08939388258302827
0.83	0.9060316664500956	-1.4491824655285965	-0.08998812132077738	0.10610448064972378
0.84	0.9432878515589156	-1.452715226986507	-0.10759884448951063	0.1256416400697664
0.85	0.9813596294248033	-1.4538721341457563	-0.12833982110980813	0.1484336281992844
0.86	1.020261073662832	-1.4523921617637296	-0.1527128430014919	0.17496604810024907
0.87	1.0600133185413458	-1.4479780688281192	-0.1812916149938406	0.2057885020482182
0.88	1.1006393166225585	-1.4402944959390966	-0.21473088156458076	0.24152185507938473
0.89	1.1421750716119696	-1.4289546822300832	-0.25377647886123	0.2828662908664903
0.9	1.1846610194404619	-1.4135210617657474	-0.2992765949664058	0.3306099349089422
0.91	1.2281466905054508	-1.393488831907037	-0.35219417983805457	0.38563863503020634
0.92	1.2726953690592424	-1.3682836685182593	-0.4136205304956029	0.4489460560255245
0.93	1.3183737273943876	-1.3372426933542148	-0.48479054961453905	0.5216453126711276
0.94	1.3652658286260024	-1.2996093060423588	-0.5670992606773027	0.6049809861166358
0.95	1.4134661464122171	-1.2545152514340954	-0.6621201135782204	0.7003427675003655