0.	0.34259890098428547	-0.13402920760010772	0.	0.
0.01	0.34615224395572547	-0.12945331541225613	3.36952687973735e-14	2.1316282072803006e-14
0.02	0.3494497793761462	-0.12482515094011504	-1.8207657603852567e-14	-1.1723955140041653e-13
0.03	0.3524954470358419	-0.12015308324031793	6.750155989720952e-14	5.684341886080802e-14
0.04	0.35529351168809153	-0.115445319488785	2.1316282072803006e-14	3.907985046680551e-14
0.05	0.35784840515032545	-0.11070980592484148	4.4142467459096224e-13	-3.197442310920451e-14
0.06	0.3601650138281549	-0.10595441937899963	2.362554596402333e-13	-4.618527782440651e-14
0.07	0.3622473371728727	-0.10118607410965907	2.9309887850104133e-13	-1.5276668818842154e-13
0.08	0.36410085560904193	-0.09641234522606368	8.881784197001252e-16	2.1316282072803006e-14
0.09	0.3657303952877893	-0.09163998065259449	1.0835776720341528e-13	-1.4921397450962104e-13
0.1	0.36714107089908943	-0.08687559340493323	3.730349362740526e-13	2.5579538487363607e-13
0.11	0.3683371200304304	-0.082126243841941	3.979039320256561e-13	-5.080380560684716e-13
0.12	0.3693265957931047	-0.07739574477300692	2.5224267119483557e-13	-1.7053025658242404e-13
0.13	0.37011228004134367	-0.07269221840824613	2.5934809855243657e-13	2.877698079828406e-13
0.14	0.3707004418942592	-0.06802039345753386	2.5224267119483557e-13	-6.448175327022909e-13
0.15	0.3710966266930136	-0.06338556758136349	8.348877145181177e-14	-4.938272013532696e-13
0.16	0.3713063921208537	-0.05879273237383842	3.2507330161024584e-13	4.2810199829546036e-13
0.17	0.37133537415132345	-0.05424665322226652	-2.007283228522283e-13	-5.879741138414829e-13
0.18	0.3711892184268102	-0.0497518158245569	4.192202140984591e-13	-4.050093593832571e-13
0.19	0.3708736203840495	-0.045312465885924524	1.1795009413617663e-12	2.8421709430404007e-13
0.2	0.3703946097416715	-0.040932648247043346	9.14823772291129e-13	-6.004086117172847e-13
0.21	0.36975725459275743	-0.03661599279933192	2.021494083237485e-12	-7.265299473147024e-13
0.22	0.3689674628807893	-0.03236592940078076	3.007372129104624e-12	-1.120881165661558e-12
0.23	0.36803054596832396	-0.02818685524658804	7.66320340517268e-12	-3.0180302701410255e-12
0.24	0.36695387791478495	-0.02407894387743248	1.3018919275964436e-11	-3.5580427493187017e-12
0.25	0.3657414843590434	-0.020047688229152705	2.3989699116100383e-11	-6.5565330942263245e-12
0.26	0.3643995329548435	-0.016094749544211417	4.6853187996021006e-11	-1.035704855212316e-11
0.27	0.36293362111343974	-0.012222447481885723	8.388312267015863e-11	-1.6903811683732783e-11
0.28	0.36134932522262275	-0.008432890525741144	1.4991030639066594e-10	-2.4772184303856193e-11
0.29	0.35965219293751005	-0.004727971930956976	2.611404426033914e-10	-3.54543061575896e-11
0.3	0.3578476619834028	-0.0011093634137484543	4.4441250679483346e-10	-4.687272792125441e-11
0.31	0.35594135568029905	0.0024215793968975774	7.394920231718061e-10	-5.904032818193627e-11
0.32	0.35393822595633573	0.005863355964762285	1.2101768476213692e-9	-6.856026857349207e-11
0.33	0.35184325833130536	0.009214087337659826	1.9458408218042678e-9	-7.247580313674007e-11
0.34	0.34966290444617876	0.01247556830997354	3.0802382866568223e-9	-6.223332960075822e-11
0.35	0.3474011821662817	0.015644476933154516	4.8063011348631335e-9	-2.728106629490412e-11
0.36	0.34506340439607364	0.018721147359686885	7.399119539286403e-9	4.4488523975871885e-11
0.37	0.34265451874752095	0.021705227663052384	1.125623150244337e-8	1.7205403768372207e-10
0.38	0.3401792882692085	0.024596656210384593	1.6934039948068857e-8	3.755237232283548e-10
0.39	0.3376425609354907	0.0273951884346868	2.5216245091996825e-8	6.827715615109753e-10
0.4	0.3350491883758462	0.03010107416155594	3.719576291416615e-8	1.1203995509134757e-9
0.41	0.3324027489497343	0.03271370486286829	5.4391113835094984e-8	1.716360165104902e-9
0.42	0.32970891599283014	0.035236000432023795	7.889282471751358e-8	2.4996886782702177e-9
0.43	0.3269710699436086	0.037666223939937016	1.1356918072635835e-7	3.494329936515328e-9
0.44	0.32419373845700683	0.04000564372235971	1.6232880284405837e-7	4.721941504470806e-9
0.45	0.32138090458041724	0.042255154744403445	2.304649378004342e-7	6.205796765357263e-9
0.46	0.3185365136766478	0.04441568275458829	3.2511308134530736e-7	7.975162752416054e-9
0.47	0.3156646307190414	0.046488275225238684	4.5582920016329354e-7	1.0087696455940431e-8
0.48	0.31276797011133084	0.0484733161138462	6.353359793820346e-7	1.2668515125824342e-8
0.49	0.30985149899191633	0.05037421579381762	8.804765254666336e-7	1.5971075573162352e-8
0.5	0.306917716661701	0.05219012781906329	1.213421505497081e-6	2.0480842355397044e-8
0.51	0.3039701894134108	0.053923182768582656	1.6631770609620844e-6	2.7076479724996716e-8
0.52	0.3010120590066876	0.055574956246513985	2.267484784823637e-6	3.726711295115592e-8
0.53	0.2980463681361787	0.05714611243130463	3.0751623203428835e-6	5.354333154627966e-8
0.54	0.2950764840757891	0.05864041598564196	4.149006167963876e-6	7.986632510892377e-8
0.55	0.29210472988431313	0.0600575771717784	5.569339711186672e-6	1.2236975699408958e-7
0.56	0.2891339865497251	0.06140006359828476	7.438348434973818e-6	1.9028951747657175e-7
0.57	0.2861669858705387	0.0626695132687125	9.885332380221712e-6	2.97253943237763e-7
0.58	0.2832060258568294	0.06386715866648984	0.000013073036845057118	4.629661036759103e-7
0.59	0.2802541075359617	0.06499696346380723	0.00001720527554560647	7.154390404551236e-7
0.6	0.2773130332085696	0.06605884662098749	0.00002253596188772633	1.0938961274575831e-6
0.61	0.2743853125148483	0.06705550476523658	0.000029379928092154728	1.6524840864562407e-6
0.62	0.27147265690623446	0.06798842077177181	0.00003812563885841058	2.465029984577427e-6
0.63	0.26857869154084746	0.06886138547715603	0.000049250251001886625	3.6309771980214123e-6
0.64	0.26570418102943805	0.06967495709986515	0.00006333708730998922	5.282994700372967e-6
0.65	0.26285168564218253	0.07043202769730605	0.00008109624681029715	7.5961911845112695e-6
0.66	0.2600230972952531	0.07113414786943739	0.0001033883573580141	0.00001079969245409984
0.67	0.2572214794413563	0.07178576002141757	0.00013125234662236807	0.000015190672344900236
0.68	0.25444815775455165	0.0723876030270878	0.00016593695503974715	0.00002115170294469948
0.69	0.25170536427155454	0.07294241793023115	0.00020893750864470206	0.000029171482925249848
0.7	0.2489965075901912	0.07345493029075456	0.00026203796335622087	0.00003986984451032072
0.71	0.24632313154006447	0.07392660799491324	0.0003273580901934636	0.00005402818257493891
0.72	0.24368783796441473	0.07436071324941551	0.00040740817295592535	0.00007262509642735893
0.73	0.24109479624408348	0.0747627549332357	0.0005051509463100956	0.00009687879938979904
0.74	0.2385453381368654	0.07513473414273708	0.0006240698622361762	0.00012829841398964703
0.75	0.23604509359539438	0.07548307214846695	0.0007682492560325827	0.00016874161052182757
0.76	0.2335954539393601	0.07581120774973549	0.0009424602357404055	0.00022048656832041047
0.77	0.23120310721659454	0.07612628053124482	0.001152261635730234	0.00028630986359612365
0.78	0.22887011261502277	0.07643347190135774	0.0014041073802673054	0.000369585143028317
0.79	0.22660369986561868	0.07674096495882576	0.001705471917393453	0.0004743878294757309
0.8	0.22440884406849548	0.07705678603965183	0.0020649846130664784	0.0006056255570188185
0.81	0.22229176825965702	0.07739047244375463	0.0024925811836302714	0.0007691825270983443
0.82	0.22025995097403417	0.07775260861665689	0.0029996709070854166	0.0009720860044017954
0.83	0.2183218317293365	0.0781558983565942	0.003599321622721696	0.0012226983745513564
0.84	0.21648424630765994	0.07861377532009772	0.00430645895510029	0.001530940436893502
0.85	0.21475889985566532	0.07914313220541924	0.005138094643295954	0.0019085306532113933
0.86	0.2131560655898901	0.07976212077706801	0.006113564916190306	0.0023692773361689845
0.87	0.21168700013747088	0.08049201935908279	0.007254798960133257	0.0029293982197646784
0.88	0.21036722344898262	0.08135709433229277	0.008586612174915409	0.003607869865173363
0.89	0.20920874376106502	0.08238472563307742	0.010137014934098243	0.004426862873431858
0.9	0.20823028884164474	0.08360671359939165	0.011937567819428896	0.0054121650346949934
0.91	0.20744711617162626	0.08505915090149774	0.01402374190257527	0.006593740183830299
0.92	0.20688047581699553	0.08678250971433155	0.016435328971180052	0.008006260455754699
0.93	0.20655077307475844	0.08882383881770739	0.019216878897805767	0.009689787614822087
0.94	0.20648248864573837	0.09123551017343434	0.022418162156309318	0.011690464303073078
0.95	0.20669967537201916	0.09407772878074372	0.026094678424781748	0.014061355287987354