0.	0.1165654284153037	0.4777694028942736	0.	0.
0.01	0.11661131807076042	0.4777526289686511	0.	0.
0.02	0.11674899471105782	0.47770213365265735	0.	0.
0.03	0.11697850585542313	0.47761797128950856	0.	0.
0.04	0.11729992060281957	0.4775001326967253	0.	0.
0.05	0.11771334139091061	0.47734860853257055	0.	0.
0.06	0.11821889827423515	0.47716338516550916	0.	0.
0.07	0.11881675046709583	0.47694444672250014	0.	0.
0.08	0.1195070871913404	0.476691773681614	0.	0.
0.09	0.12029012659953908	0.4764053431583879	0.	0.
0.1	0.12116611713769032	0.47608512970619743	0.	0.
0.11	0.12213533700459545	0.47573110394258633	0.	0.
0.12	0.12319809550745475	0.4753432331251334	0.	0.
0.13	0.12435473233456684	0.4749214809831641	-2.220446049250313e-16	0.
0.14	0.12560561841414808	0.47446580742977673	0.	-2.220446049250313e-16
0.15	0.12695115666591184	0.47397616859608627	-2.220446049250313e-16	0.
0.16	0.12839178235798276	0.47345251634296615	-2.220446049250313e-16	-4.440892098500626e-16
0.17	0.12992796279245344	0.4728947982619971	-8.881784197001252e-16	1.1102230246251565e-15
0.18	0.1315601993581379	0.47230295761291385	-1.5543122344752192e-15	2.6645352591003757e-15
0.19	0.13328902685795296	0.47167693290558854	-3.9968028886505635e-15	6.106226635438361e-15
0.2	0.1351150149524991	0.4710166575865349	-1.0658141036401503e-14	1.554312234475219e-14
0.21	0.13703876869754184	0.4703220599813466	-2.55351295663786e-14	3.785860513971784e-14
0.22	0.13906092931715208	0.4695930625777991	-5.928590951498336e-14	8.615330671091215e-14
0.23	0.14118217501962405	0.468829582277952	-1.3278267374516872e-13	1.9106938253798944e-13
0.24	0.1434032213565679	0.468031529622678	-2.859934511434403e-13	4.1111558601869547e-13
0.25	0.14572482403771647	0.4671988084385289	-5.997424779025096e-13	8.54316617449058e-13
0.26	0.14814777768127363	0.466331315579552	-1.220135104063047e-12	1.7245094241502557e-12
0.27	0.15067291858437182	0.465428940477993	-2.417843703028666e-12	3.3893998718781404e-12
0.28	0.15330112523038375	0.46449156402544056	-4.673594844462059e-12	6.499023541550741e-12
0.29	0.15603331967365652	0.4635190594017834	-8.828937581029095e-12	1.217703715639118e-11
0.3	0.15887046914564307	0.4625112898673761	-1.6328494112372027e-11	2.2327029114421748e-11
0.31	0.16181358740364704	0.4614681091073145	-2.96023205947904e-11	4.011779797252757e-11
0.32	0.16486373663399845	0.4603893601097129	-5.267519753715533e-11	7.073164276505395e-11
0.33	0.16802202848733105	0.4592748752213811	-9.210965323802611e-11	1.2250944703140476e-10
0.34	0.17128962724169505	0.4581244737259308	-1.584381514874167e-10	2.0866286476461937e-10
0.35	0.1746677503097256	0.45693796265796904	-2.6833912869506094e-10	3.4983005381405974e-10
0.36	0.17815767148495487	0.45571513455093327	-4.4787995534534275e-10	5.778068024042682e-10
0.37	0.18176072100514729	0.4544558556943059	-7.372908950031842e-10	9.40952871175682e-10
0.38	0.18547816005130557	0.4531596982618453	-1.1979355285518523e-9	1.5119229201943085e-9
0.39	0.1893117165737157	0.4518265276537926	-1.9223815872493333e-9	2.3986160835320902e-9
0.4	0.19326277722141638	0.4504560482833898	-3.0487985469562773e-9	3.7595009327873186e-9
0.41	0.19733309363293539	0.44904796500665284	-4.781363305284003e-9	5.8248769696511715e-9
0.42	0.20152401771269934	0.447601950144598	-7.418919478752173e-9	8.926073769011111e-9
0.43	0.20583744839250206	0.44611767175036865	-1.1394913679296792e-8	1.3535191800695401e-8
0.44	0.21027521076592137	0.4445947624005986	-1.733257581904013e-8	2.0318713933598076e-8
0.45	0.2148392147224354	0.44303282727886084	-2.6120595686407455e-8	3.020920552598838e-8
0.46	0.2195314616293651	0.44143144051901245	-3.9016161412774863e-8	4.4500429507987604e-8
0.47	0.2243540480933479	0.43979014372320335	-5.77842365068193e-8	6.497248533632316e-8
0.48	0.2293091726798755	0.43810844259392323	-8.48845747025706e-8	9.40551886374763e-8
0.49	0.234399142422008	0.43638580377031816	-1.2372117730308219e-7	1.350397065835729e-7
0.5	0.2396263798630811	0.4346216512638381	-1.789729497936321e-7	1.9235066306411142e-7
0.51	0.24499343019652087	0.4328153633660751	-2.5702929584703327e-7	2.7189338253075235e-7
0.52	0.25050297175227865	0.43096626705045704	-3.6656053792327725e-7	3.8149374714802065e-7
0.53	0.2561578240699738	0.4290736347112949	-5.192605838644226e-7	5.314513001897225e-7
0.54	0.26196090426563856	0.42713683321095364	-7.308084715162977e-7	7.352296969020955e-7
0.55	0.267915574551594	0.4251545783409675	-1.0221055306569582e-6	1.0103120535731591e-6
0.56	0.2740248786282866	0.42312632728654165	-1.4208614036448353e-6	1.3792528252842828e-6
0.57	0.28029243669927273	0.4210509587404634	-1.963611218513961e-6	1.8709620462908916e-6
0.58	0.28672201410407916	0.4189273874463647	-2.698272961287884e-6	2.52225975938547e-6
0.59	0.293317502355535	0.4167543893443648	-3.6873692599304064e-6	3.3797434462190523e-6
0.6	0.3000831591605224	0.4145306741359238	-5.012065910081631e-6	4.502012138418721e-6
0.61	0.3070234962963285	0.41225481556693155	-6.7772075416083766e-6	5.962291658279106e-6
0.62	0.31414334781361486	0.4099252521176401	-9.117563119609429e-6	7.851504023603795e-6
0.63	0.32144800865887735	0.4075402830803243	-0.000012205529873465792	0.000010281820797208852
0.64	0.3289428453194758	0.40509798586861057	-0.000016260585700811347	0.000013390720940975598
0.65	0.33663411283326994	0.4025963337839572	-0.000021560819658317243	0.00001734558918231599
0.66	0.34452837461145247	0.40003303507972243	-0.000028456912018581804	0.000022348823456086464
0.67	0.35263290114430634	0.3974055633319674	-0.000037388988330500084	0.000028643433359287762
0.68	0.3609555398552624	0.3947111502305458	-0.00004890679964142386	0.000036519047905470003
0.69	0.36950511533696506	0.3919467122754269	-0.00006369371867243068	0.000046318205351836284
0.7	0.3782914276611151	0.3891088048127418	-0.0000825950514682372	0.0000584427360080797
0.71	0.38732534966719556	0.38619371335467023	-0.00010665122740149968	0.00007335992556833926
0.72	0.39661926173620277	0.3831972274272384	-0.00013713619379296382	0.00009160817376041575
0.73	0.4061872363039738	0.38011468801759707	-0.00017560157269325138	0.00011380154352969019
0.74	0.41604530777358306	0.3769409683966476	-0.00022392666159332109	0.0001406326919599632
0.75	0.42621183771560434	0.373670659218702	-0.0002843744469585019	0.00017287332715176795
0.76	0.43670856152817805	0.370297478086384	-0.0003596528994889159	0.0002113716098371965
0.77	0.4475606665639753	0.36681482529238707	-0.0004529810180187166	0.0002570451936771967
0.78	0.4587976020396576	0.36321561819679316	-0.0005681575913367709	0.0003108692660562795
0.79	0.47045527047597724	0.3594929400322542	-0.0007096306079354964	0.0003738594753395219
0.8	0.4825753199625069	0.35563893855827033	-0.000882561709620866	0.00044704723246224987
0.81	0.495208476465951	0.35164680225041844	-0.001092881899158904	0.0005314515341727777
0.82	0.5084160109992908	0.3475103784863405	-0.0013473292089947186	0.0006280463457049024
0.83	0.5222717925982048	0.3432253462816248	-0.0016534568504673608	0.0007377283802634249
0.84	0.5368668736860633	0.33879090400634415	-0.002019599706942099	0.0008612978198445642
0.85	0.5523106709047316	0.3342113941601279	-0.002454780848043736	0.0009994560156119103
0.86	0.5687380816399323	0.32950003201167233	-0.0029685379906525533	0.0011528592389351555
0.87	0.5863143857352613	0.32468235418368896	-0.003570644583692495	0.0013222492147257903
0.88	0.6052408298185683	0.3198047556697807	-0.004270717817779435	0.0015087211547468726
0.89	0.6257635701841817	0.3149421700996955	-0.005077679546177105	0.0017142098201756717
0.9	0.6481812294611626	0.3102129671952296	-0.00599909980452118	0.0019422914060702734
0.91	0.6728532153438409	0.3057987835300744	-0.007040459251457243	0.002199444101331327
0.92	0.7002053987163501	0.30197193628329577	-0.008204440202775887	0.002496914986006793
0.93	0.7307310654354282	0.2991347545425347	-0.009490482884460638	0.002853349752950596
0.94	0.7649779836282822	0.2978709013109224	-0.010894915487019263	0.0032982193616177824
0.95	0.8035112720410418	0.2990050356819478	-0.012412062294124837	0.003875899498193114