0.	0.1385235241905285	0.8548005468486757	0.	0.
0.01	0.09936953485695454	0.8511823220677606	-1.0302869668521453e-13	1.6697754290362354e-13
0.02	0.06062695090057879	0.8461969541491605	-5.133671265866724e-13	3.552713678800501e-14
0.03	0.02235180156347738	0.8398743699832174	-1.474376176702208e-13	-3.552713678800501e-15
0.04	-0.015401965266647721	0.8322459611823874	-1.55964130499342e-12	7.105427357601002e-13
0.05	-0.05257117892130836	0.8233519572815027	-8.633094239485217e-13	-2.3447910280083306e-13
0.06	-0.08910604187372684	0.8132339645896423	-6.217248937900877e-13	-8.384404281969182e-13
0.07	-0.12495452907521098	0.8019338968492526	-2.0961010704922955e-13	-8.029132914089132e-13
0.08	-0.16006859142710894	0.7894962849674059	-3.4141578453272814e-12	5.222489107836736e-13
0.09	-0.19440242133089924	0.7759665044478723	-6.501466032204917e-13	5.329070518200751e-15
0.1	-0.2279157507139402	0.7613951566113322	-1.2576606422953773e-12	-3.3715252811816754e-12
0.11	-0.2605662951311132	0.7458274836515209	3.907985046680551e-14	6.874500968478969e-13
0.12	-0.2923210354690795	0.7293153786607096	-1.637801005927031e-12	-2.4158453015843406e-13
0.13	-0.32314557475828565	0.7119101081149477	-2.305711177541525e-12	1.3660184094987926e-12
0.14	-0.35300981088470706	0.6936638274704503	-4.600764214046649e-12	6.075140390748857e-13
0.15	-0.3818857771231947	0.6746290967716497	-1.70174985214544e-12	4.0678571622265736e-13
0.16	-0.4097510513752667	0.6548618737658023	-7.069900220812997e-13	-2.8066438062523957e-13
0.17	-0.4365838915908853	0.6344127198075311	-4.426681243785424e-12	1.0658141036401503e-14
0.18	-0.46236617277417835	0.6133374429979046	-8.597567102697212e-13	-2.575717417130363e-13
0.19	-0.48708280881170296	0.5916905396422507	8.277822871605167e-13	-2.1946888750790094e-12
0.2	-0.5107216453892391	0.5695264306817958	6.803446694902959e-12	2.993161274389422e-13
0.21	-0.5332728759861034	0.5469007309122533	2.048849978564249e-11	-7.386979916645942e-12
0.22	-0.5547310757957291	0.5238649761212768	4.82351936170744e-11	-1.0811795903009624e-11
0.23	-0.5750921427525277	0.5004740446924254	9.71986935383029e-11	-1.9986678978511918e-11
0.24	-0.5943552066911089	0.4767809889000496	2.12843076496938e-10	-2.3355539724434493e-11
0.25	-0.6125213282213231	0.45283900663368293	4.207265646982705e-10	-2.0405011014190677e-11
0.26	-0.6295967842143178	0.42869834504038984	8.190532696517039e-10	-7.961631354191923e-12
0.27	-0.6455867145151899	0.4044097639593094	1.5292478394712816e-9	6.674483188362501e-11
0.28	-0.660501004073641	0.38002308335715895	2.801439080712953e-9	2.587210445881283e-10
0.29	-0.6743513871627371	0.3555867310033314	4.980115875241609e-9	6.956177855954593e-10
0.3	-0.6871512794287646	0.33114871240086075	8.647209170931092e-9	1.6278622894105865e-9
0.31	-0.6989184260747727	0.3067531046004017	1.4678334991913289e-8	3.4386218317195016e-9
0.32	-0.709669286390433	0.28244460914170055	2.440092927713522e-8	6.8473671177571305e-9
0.33	-0.7194246031986324	0.2582659795012141	3.9777965810117166e-8	1.3004028076579743e-8
0.34	-0.728206075220541	0.23425924642900053	6.366996885276421e-8	2.378371455336037e-8
0.35	-0.7360386364933831	0.21046173961912196	1.001841667402914e-7	4.209019710543771e-8
0.36	-0.7429459933968694	0.18691163222541363	1.5508771866734605e-7	7.245968980384987e-8
0.37	-0.7489555133766501	0.16364544160217687	2.3641398527729507e-7	1.2171723806631007e-7
0.38	-0.7540954579236647	0.14069491951714763	3.551962066694614e-7	2.0002177780753527e-7
0.39	-0.7583958535469755	0.11809245157762316	5.263529416765778e-7	3.222415259074296e-7
0.4	-0.7618858717187074	0.09586769366193693	7.698506365727553e-7	5.098508601975027e-7
0.41	-0.7645975881714868	0.07404900512417001	1.1120594862745747e-6	7.933955004091331e-7
0.42	-0.7665624102920674	0.052658893176330324	1.5874638137347574e-6	1.2158110536120148e-6
0.43	-0.7678164098147704	0.03172443152925375	2.2406002493369215e-6	1.8367368532778983e-6
0.44	-0.7683895790815907	0.011264876965563886	3.1284580970236675e-6	2.7381002656312603e-6
0.45	-0.7683169981205022	-0.008701561978474714	4.323170589515257e-6	4.031275938842782e-6
0.46	-0.7676337047835027	-0.028157432200488053	5.915132780032195e-6	5.866191567172052e-6
0.47	-0.7663731073377722	-0.047086552060044085	8.016613259442806e-6	8.442831083144142e-6
0.48	-0.7645698262536165	-0.06547801325932667	0.000010765632749709653	0.00001202559031376893
0.49	-0.7622593016197747	-0.08331985848624868	0.000014330360263770103	0.000016961138884497018
0.5	-0.7594739382938496	-0.10060411444595552	0.00001891378014029499	0.00002370052048661364
0.51	-0.7562474816628573	-0.11732433104355344	0.000024758737444230405	0.00003282615113597842
0.52	-0.7526168568380793	-0.1334728801202516	0.000032152994096534826	0.00004508477126208277
0.53	-0.7486104345133793	-0.14904938227679665	0.00004143448447280207	0.00006142740629577759
0.54	-0.7442633135991308	-0.16405154647904752	0.000052996289266360463	0.00008305748096937293
0.55	-0.7396040071377019	-0.17847812914791916	0.00006729119836279551	0.0001114884103596836
0.56	-0.734664511258881	-0.1923321373871083	0.00008483555789773334	0.00014861244470232293
0.57	-0.7294764671676361	-0.20561545920113744	0.0001062119523034255	0.00019678212574092413
0.58	-0.7240655843673043	-0.21833214920473765	0.0001320701571945193	0.0002589068324638788
0.59	-0.7184608270026018	-0.2304890897130818	0.0001631259611567515	0.0003385660250021516
0.6	-0.7126873949798789	-0.24208875929009466	0.00020015694625108438	0.00044014203115771977
0.61	-0.7067722836037529	-0.25314199462796694	0.00024399470607328055	0.0005689749864643545
0.62	-0.7007380679247994	-0.2636521114554675	0.0002955118015499636	0.0007315426838072625
0.63	-0.6946094033641987	-0.27363089564975596	0.0003556036031593379	0.0009356692667896738
0.64	-0.6884066928804682	-0.2830821405636996	0.00042516195249220345	0.0011907653768385984
0.65	-0.6821527908647731	-0.2920174395943338	0.0005050412454661313	0.0015081050479857083
0.66	-0.6758637084207741	-0.30044225065648966	0.0005960127206723342	0.0019011425137325233
0.67	-0.6695640116412065	-0.3083636138832784	0.0006987086680343424	0.0023858741580209397
0.68	-0.6632681958140108	-0.31578971058811334	0.000813549054683449	0.0029812527503381148
0.69	-0.656992010116344	-0.3227238213374193	0.0009406534050402371	0.0037096548792199258
0.7	-0.6507564103771379	-0.3291710999821156	0.0010797342510322494	0.004597412516401889
0.71	-0.6445756413910804	-0.3351345753108319	0.001229963735695172	0.0056754162669907515
0.72	-0.6384655513956154	-0.34061354152412804	0.0013898176345144009	0.006979789363334987
0.73	-0.6324413331595258	-0.34560648651620696	0.0015568895916304726	0.00855265209470879
0.74	-0.6265228734799937	-0.35010973287295677	0.0017276720713654825	0.010442973778221898
0.75	-0.6207259896792063	-0.3541157211730326	0.0018972953859126562	0.012707533215053246
0.76	-0.615069890261001	-0.3576132003728407	0.0020592298639598994	0.015411984353011832
0.77	-0.6095723155815476	-0.36058968669402525	0.0022049313148064797	0.01863205559628689
0.78	-0.6042578504682776	-0.3630243105476172	0.0023234487824241867	0.02245486348786052
0.79	-0.5991492562659486	-0.36489512102632204	0.0024009511035210096	0.026980398053744636
0.8	-0.594276019543253	-0.3661733657699351	0.0024202061044329426	0.03232314830742844
0.81	-0.5896662920687765	-0.36682450767234087	0.0023599697141696296	0.03861391906487199
0.82	-0.5853553833990448	-0.3668094384381533	0.002194306530450163	0.04600182008025655
0.83	-0.581387790753146	-0.3660797412927437	0.001891836601847885	0.05465645106843908
0.84	-0.5778057920406887	-0.3645824366297852	0.0014148185683637848	0.06477037319924328
0.85	-0.5746621552368758	-0.36225483472595243	0.0007182175133984003	0.07656173158726709
0.86	-0.5720207625824871	-0.3590253503072063	-0.0002514010661816002	0.0902771800285116
0.87	-0.5699516100508459	-0.3548129106057871	-0.001557103483346367	0.10619511382980207
0.88	-0.5685304606989154	-0.34952947982202254	-0.00327294878846196	0.12462920197995153
0.89	-0.5678509780266738	-0.34307108643087325	-0.0054854836813520436	0.14593214176731806
0.9	-0.5680149821291103	-0.3353255275820288	-0.008295413444940891	0.17049992495010002
0.91	-0.569140127761881	-0.32616718211175666	-0.01181946235565956	0.19877639354396592
0.92	-0.5713588517886246	-0.3154568609102739	-0.016192370306277404	0.231258204755024
0.93	-0.5748204540031114	-0.30303899408482415	-0.021569191024273238	0.26850019512905376
0.94	-0.5796935904583913	-0.28874503235562443	-0.028127679261829464	0.3111213850957597
0.95	-0.5861661758922194	-0.2723881948443321	-0.03607099398664815	0.35981121021120543