0.	-0.26504078642907314	0.15011110702430486	0.	0.
0.01	-0.25919794727902845	0.15434501648642396	0.	-1.4210854715202004e-14
0.02	-0.253070730221566	0.15847847879845745	4.440892098500626e-16	2.4868995751603507e-14
0.03	-0.2466561886533789	0.16250125173821672	1.2434497875801753e-14	-1.7763568394002505e-14
0.04	-0.23995199468532658	0.16640305187605264	6.217248937900877e-15	-2.842170943040401e-14
0.05	-0.23295615919288792	0.17017352197170155	-5.1514348342607263e-14	-3.197442310920451e-14
0.06	-0.22566691520071025	0.17380166180221934	-9.769962616701378e-15	7.105427357601002e-15
0.07	-0.2180829422551227	0.1772766870967004	5.3290705182007514e-14	-7.105427357601002e-15
0.08	-0.21020323750727776	0.18058747068772973	-1.4210854715202004e-14	-2.4868995751603507e-14
0.09	-0.20202716919597918	0.183722695078	3.552713678800501e-15	-2.1316282072803006e-14
0.1	-0.19355449322095453	0.1866708644383337	-1.0658141036401503e-14	2.1316282072803006e-14
0.11	-0.18478537271512785	0.18942031870242815	-1.7763568394002505e-15	-1.4210854715202004e-14
0.12	-0.1757203927269675	0.19195923818172744	-4.263256414560601e-14	-5.3290705182007514e-14
0.13	-0.16636058321233804	0.19427566492688442	-4.973799150320701e-14	-2.842170943040401e-14
0.14	-0.15670743130728226	0.19635751863724948	-7.460698725481052e-14	4.263256414560601e-14
0.15	-0.1467628023389711	0.19819231640591184	-1.2434497875801753e-14	5.3290705182007514e-14
0.16	-0.13652937831833079	0.1997683671299022	-1.5987211554602254e-14	4.973799150320701e-14
0.17	-0.12601003137091205	0.20107301302994962	1.4033219031261979e-13	-2.4868995751603507e-14
0.18	-0.11520840990944059	0.2020940182239972	2.2026824808563106e-13	-1.1546319456101628e-13
0.19	-0.10412835210153837	0.20281859002998104	7.371880883511039e-13	-3.4283687000424834e-13
0.2	-0.09277465388470851	0.20323446354543684	1.4939161019356106e-12	-1.20614629395277e-12
0.21	-0.0811525873862724	0.20332921646884117	3.355538069627073e-12	-2.9061197892588098e-12
0.22	-0.06926805630560118	0.20309046258268637	7.503331289626658e-12	-7.44826422760525e-12
0.23	-0.05712760839813491	0.20250590314678796	1.552713513319759e-11	-1.758948542374128e-11
0.24	-0.04473847589627589	0.20156333141067684	3.0684788043799927e-11	-3.998312791964054e-11
0.25	-0.03210858200358935	0.20025069487296676	5.860201213181426e-11	-8.695977271599986e-11
0.26	-0.019247332385488036	0.19855651840429633	1.0702017050334689e-10	-1.8258639045143354e-10
0.27	-0.006161823379400744	0.1964679619988221	1.880167133094801e-10	-3.708979789962541e-10
0.28	0.007135384662504407	0.19397472343877986	3.1721114623906033e-10	-7.300835491719226e-10
0.29	0.02063410857418546	0.1910653459914622	5.123705903997688e-10	-1.3976038104601685e-9
0.3	0.034322517875397196	0.1877290730673815	7.899547682654884e-10	-2.6063351477034757e-9
0.31	0.04818790902364434	0.18395554440758266	1.152573148033298e-9	-4.742473080909804e-9
0.32	0.06221668434510441	0.1797348639464884	1.567288521187038e-9	-8.435108167503813e-9
0.33	0.07639431071747005	0.17505764778497213	1.9224639657977605e-9	-1.4686407645569943e-8
0.34	0.09070528922762655	0.16991509573738006	1.951855566062477e-9	-2.506306207017417e-8
0.35	0.10513312220554205	0.16429905916041343	1.1070202532437179e-9	-4.1972980202586996e-8
0.36	0.1196602734914034	0.15820211401889805	-1.653095438314267e-9	-6.905165705894944e-8
0.37	0.13426813225960466	0.15161764236373032	-8.192627021230692e-9	-1.1170346270183984e-7
0.38	0.14893697399125116	0.14453991917711273	-2.1712645903448902e-8	-1.7783782069180631e-7
0.39	0.16364591858982358	0.13696420394959186	-4.752305571287252e-8	-2.7886107756280865e-7
0.4	0.17837289093711917	0.12888684345605628	-9.418504554048468e-8	-4.309896842746852e-7
0.41	0.19309457204697367	0.12030537631323834	-1.7516597239364273e-7	-6.569629547037437e-7
0.42	0.20778636137087325	0.11121865578955203	-3.1119411403324193e-7	-9.882397082883188e-7
0.43	0.2224223234576339	0.10162696913396263	-5.335511676918259e-7	-1.4677750830305314e-6
0.44	0.23697514677010467	0.09153217936718772	-8.885969773331226e-7	-2.1534665139988363e-6
0.45	0.2514160430168495	0.08093771576040565	-1.443882705842725e-6	-3.1223561729465388e-6
0.46	0.2657149076880927	0.06984935561363526	-2.296268997170614e-6	-4.47566343853012e-6
0.47	0.2798399644077936	0.0582744523845804	-3.5825054141014334e-6	-6.34467946092343e-6
0.48	0.293757933386777	0.04622275484621019	-5.492754441505099e-6	-8.8975207281905e-6
0.49	0.30743394514995437	0.033706445219283676	-8.287494177139365e-6	-0.000012346660916762175
0.5	0.32083151343496574	0.02074034885090459	-0.000012318099484431855	-0.000016957085001934047
0.51	0.33391252677647465	0.0073421602145780085	-0.000018051117308459652	-0.000023054805307509696
0.52	0.3466372560599549	-0.006467320949171906	-0.000026095691046279512	-0.000031035398697643046
0.53	0.3589643921686889	-0.02066394423514417	-0.00003723269233368853	-0.000041372160866526286
0.54	0.37085112308288437	-0.035219957442237604	-0.000052442622264337047	-0.00005462352852170227
0.55	0.3822532613672367	-0.050103760003325615	-0.0000729270583335051	-0.00007143966705669413
0.56	0.3931254471474812	-0.06527966634894478	-0.00010011490804728851	-0.0000925687436748035
0.57	0.40342143643082196	-0.08070770904291491	-0.00013563955431550312	-0.00011886470631683466
0.58	0.4130945195417972	-0.09634348979460583	-0.00018126534364704128	-0.0001513007655433718
0.59	0.42209808772480617	-0.11213813518883509	-0.0002387308539155697	-0.00019099699188585006
0.6	0.43038640372787906	-0.1280383940563592	-0.00030946063071635166	-0.0002392775060773289
0.61	0.4379154082953809	-0.14398712850764994	-0.0003940746984376631	-0.0002977842668148156
0.62	0.4446448170405821	-0.15992179558777142	-0.0004915932176361437	-0.0003686945316916379
0.63	0.450539028134771	-0.17578424480683186	-0.0005981954952147817	-0.00045511157732747165
0.64	0.45556868204872014	-0.19150646872751675	-0.0007053111601704742	-0.0005617637340327164
0.65	0.45971402860759536	-0.20702949412089922	-0.0007967793285574842	-0.0006961833310077381
0.66	0.46296881841645554	-0.22229903809363982	-0.0008446467425073934	-0.0008706924035415398
0.67	0.4653412703079933	-0.23727351674914665	-0.0008030576843740533	-0.001105641369735011
0.68	0.4668593685656477	-0.2519344254477449	-0.0005994711081527271	-0.0014346382203695995
0.69	0.4675726727681653	-0.2662963306819206	-0.0001221381415419387	-0.0019128767003211422
0.7	0.467554550116974	-0.2804261982425649	0.000797555740206235	-0.002630242177971809
0.71	0.4669006927570072	-0.2944673112256311	0.002409805166225354	-0.003731772454083071
0.72	0.4657222070853573	-0.30867304905842374	0.0050806720632694535	-0.005449358901276291
0.73	0.46412710085897846	-0.3234504995827434	0.009339299757654018	-0.008150611434929012
0.74	0.46218560461435576	-0.3394233974970664	0.015942240273036923	-0.012413762464482225
0.75	0.45986254085441214	-0.35751100960336046	0.025960373525187208	-0.019142222888025806
0.76	0.45689860228823065	-0.3790316442820254	0.0408948888981433	-0.02973928077965926
0.77	0.4526067028113685	-0.4058342613827888	0.06282979599527128	-0.04637425000203077
0.78	0.4455285782494798	-0.44045793225966623	0.09462860414345453	-0.07238780644856746
0.79	0.4328636941117914	-0.4863139978632338	0.1401810016567726	-0.11290975418432758
0.8	0.4095272715291385	-0.5478709021784849	0.2046990706728513	-0.17580197180787804
0.81	0.3666001413947306	-0.630787084041009	0.2950479923561904	-0.27310173773191737
0.82	0.2887847293294712	-0.7418816386887293	0.42006142729917073	-0.42323841375669735
0.83	0.15021491535753917	-0.8886970718367269	0.5907237871346922	-0.654453759385254
0.84	-0.09247104394748717	-1.0781689116878217	0.8199574610459663	-1.0101090341037515
0.85	-0.5116654196538111	-1.3134199628162917	1.1214669800180683	-1.5569751760916701
0.86	-1.2281814755225966	-1.5867110208012343	1.506511200385134	-2.3982849609565453
0.87	-2.4442499283701906	-1.8645693210284797	1.976291075425543	-3.694468996941298
0.88	-4.500529279182949	-2.0569293803656183	2.50518330251068	-5.69643653852375
0.89	-7.976462307397256	-1.9531857791470966	3.004844094115761	-8.799595982865176
0.9	-13.871002860057402	-1.0882419248623076	3.2477772720576183	-13.632596915986516
0.91	-23.93723281310082	1.5440047554631917	2.702983940285378	-21.204854481994133
0.92	-41.3233482273927	8.123290151905522	0.1741292456313488	-33.154203041186165
0.93	-71.85342136636109	23.462678913131512	-7.027403209328327	-52.163716180494575
0.94	-126.72617671865441	58.58305150731846	-25.076678551297732	-82.65000002563809
0.95	-228.60546585687825	140.2012900837832	-68.81921259741745	-131.79906838050522