0.	-0.02634264926816432	-0.8866187937258498	0.	0.
0.01	0.0001133522834235734	-0.8832288939762625	4.7202242114963155e-12	-1.0444978215673473e-12
0.02	0.02617961693107479	-0.8790253126976411	1.3607948101679312e-11	-1.733746479715137e-11
0.03	0.05181851274672028	-0.8740324617559121	1.7947032748821812e-11	-2.399791476648261e-11
0.04	0.07699400099117382	-0.8682763744297726	9.282186130832315e-12	-1.8316015371055983e-11
0.05	0.10167117687773491	-0.8617841748148078	4.5722869934650134e-12	-3.4425351458367004e-11
0.06	0.1258174544431382	-0.8545811108770378	4.62552218749579e-11	9.948264434456178e-12
0.07	0.14940049049807846	-0.8466972111882483	4.536521158726714e-11	8.36530844594563e-12
0.08	0.17239267071784836	-0.8381642066165866	-1.5069612224749562e-11	-7.044431704628096e-11
0.09	0.1947652965986233	-0.8290133707802313	9.677869616808721e-12	-3.628619626994123e-11
0.1	0.21649239911573526	-0.8192775874589904	-9.176692739032433e-11	-4.824829424876498e-11
0.11	0.23754982976280503	-0.8089908420346092	8.909828430603284e-11	-2.066724569260714e-11
0.12	0.2579153098112132	-0.7981879524585669	8.431100262384916e-11	-3.1784574971993607e-11
0.13	0.27756790794311453	-0.7869039891797598	1.3764672734950523e-10	-7.687517289411971e-11
0.14	0.2964905900828173	-0.7751781065652081	6.186928747098364e-11	-2.1034529673613633e-10
0.15	0.3146643498108477	-0.7630439526032362	4.280381604715444e-11	6.90174584150327e-11
0.16	0.3320771683507947	-0.7505407849383645	8.997436129476455e-11	-5.806388703177845e-11
0.17	0.3487153209711077	-0.737706664650096	1.833879714752129e-10	-1.0028222696689681e-10
0.18	0.36456810841888687	-0.7245800429794752	5.4676485561344634e-11	-3.510003399043171e-11
0.19	0.3796268429282793	-0.7111997248556284	1.494833146153951e-10	-5.2129189853644675e-11
0.2	0.3938847622919873	-0.6976046321739635	3.324462927167815e-11	-7.497713561122055e-11
0.21	0.4073363709879892	-0.6838332866031022	5.701222827170227e-11	5.2733373223645685e-12
0.22	0.4199799614160802	-0.669926991954712	1.9529033945531182e-10	-4.478084569825569e-11
0.23	0.4318144976878435	-0.655921540920916	-2.553735001242785e-11	1.8345547303511012e-10
0.24	0.4428407718393985	-0.6418569026718086	1.8100687615429933e-10	1.1385270504149503e-10
0.25	0.4530617342033476	-0.6277713954278485	9.426326386119399e-11	3.917421942389865e-12
0.26	0.462482217475219	-0.6137030190395802	-2.628676165628008e-10	3.056378483634603e-10
0.27	0.4711088777560968	-0.5996891429074986	-1.4294498917877263e-10	4.020412891492242e-10
0.28	0.4789502027819942	-0.5857666462465613	-7.096420118202218e-10	5.307411177213339e-10
0.29	0.4860156050506067	-0.5719726331791257	-1.4556690297595765e-9	9.705495296330469e-10
0.3	0.4923186009646529	-0.5583405954734494	-2.3126400239270595e-9	1.4777978840641026e-9
0.31	0.497872109222821	-0.5449060335945511	-4.386420060509266e-9	2.515790686885566e-9
0.32	0.5026913424608856	-0.5317024970235664	-7.756052244900502e-9	3.921537428119848e-9
0.33	0.5067931361397408	-0.5187625441032002	-1.3265459508637889e-8	5.628830845871846e-9
0.34	0.5101948362461868	-0.5061180587919298	-2.2247575781619844e-8	8.482951896482405e-9
0.35	0.512918302827704	-0.49379895972644927	-3.633017398030347e-8	1.2109642344437788e-8
0.36	0.5149830351604975	-0.48183358399879117	-5.888190945935179e-8	1.6234501798439993e-8
0.37	0.5164117331571134	-0.4702501993972903	-9.303080816813747e-8	2.1165498409470018e-8
0.38	0.5172279017215639	-0.45907503785766623	-1.4483942356591228e-7	2.6300240985044354e-8
0.39	0.5174553393725437	-0.4483335301394172	-2.2158255519322267e-7	3.0137488282733216e-8
0.4	0.5171217809489187	-0.43804656425499466	-3.344140510064264e-7	3.092182482289374e-8
0.41	0.5162520228360191	-0.42824106456464206	-4.972488388821361e-7	2.4211204152635446e-8
0.42	0.5148740151247343	-0.4189321644825898	-7.286257911465199e-7	4.459434821413311e-9
0.43	0.513015834117547	-0.4101402805790241	-1.053699712039169e-6	-3.7894938076377116e-8
0.44	0.510705363429448	-0.401882920931209	-1.503925684764873e-6	-1.1588706433363072e-7
0.45	0.5079739457863823	-0.3941728518175776	-2.1198303051805922e-6	-2.5055452401723244e-7
0.46	0.5048496018728784	-0.38702878315797035	-2.9516808939256123e-6	-4.6886944782276174e-7
0.47	0.5013627482705068	-0.38045747676746133	-4.061869185667533e-6	-8.086672943496964e-7
0.48	0.4975428059584845	-0.37447155091608014	-5.526528520094498e-6	-1.3213371808928898e-6
0.49	0.4934216385759633	-0.3690782536518409	-7.436030895480172e-6	-2.0726907455914656e-6
0.5	0.4890294254155058	-0.36428563294698246	-9.898625014714835e-6	-3.1480474735889885e-6
0.51	0.48439540079977084	-0.3600977845560486	-0.000013040172741951572	-4.6542984223352235e-6
0.52	0.47954936573814255	-0.35651932854443935	-0.00001700584692859719	-6.722594618535638e-6
0.53	0.47452324483378366	-0.35354984375566323	-0.000021961101861145416	-9.508638852684381e-6
0.54	0.4693450681511062	-0.3511948255469243	-0.000028092401815837942	-0.000013195782589237037
0.55	0.46404354983514995	-0.34944901288113717	-0.000035609074095888094	-0.000017991016575236163
0.56	0.45864910823772326	-0.3483106109938947	-0.00004474229076734115	-0.0000241198349427707
0.57	0.45319080896954717	-0.34777743219946855	-0.000055747553316776166	-0.00003181877686547763
0.58	0.4476924040533811	-0.34784318346010284	-0.00006891018943366856	-0.00004132016881958078
0.59	0.44218582936729484	-0.34850192815786696	-0.00008454589368472876	-0.00005282811467027804
0.6	0.43669744990018555	-0.3497481442160278	-0.0001030142523319455	-0.00006649099586086837
0.61	0.4312520829041445	-0.35157029537176215	-0.00012472860033474475	-0.00008235604356571224
0.62	0.4258786812291449	-0.35396102324114015	-0.00015018071458966498	-0.00010031766683382681
0.63	0.42060364745678896	-0.35691123276038916	-0.00017996837792405573	-0.00012004356207473421
0.64	0.41545173637849653	-0.3604059004105571	-0.00021483999060750714	-0.0001408846922154594
0.65	0.4104526721031596	-0.3644365264595293	-0.00025575490677753887	-0.00016176643476267794
0.66	0.405631305020649	-0.36898579133036746	-0.0003039629118544718	-0.0001810481243766926
0.67	0.4010180810363751	-0.37404051327688775	-0.0003611109404357271	-0.0001963615044025535
0.68	0.3966413715032591	-0.379587429247992	-0.0004293808534977517	-0.00020441211513544388
0.69	0.3925319490088877	-0.38560513676589	-0.0005116657273485092	-0.0002007453000383852
0.7	0.38872455082208646	-0.3920759641692386	-0.0006117925578836836	-0.00017947571900439607
0.71	0.38525277251977863	-0.39897663586954324	-0.0007347972996597507	-0.00013296547056868002
0.72	0.3821538368593697	-0.4062873164344388	-0.0008872682075803939	-0.00005146358684726682
0.73	0.37947308050472023	-0.41397695456051314	-0.0010777589054166703	0.00007732053193976185
0.74	0.3772515789016138	-0.4220136805806649	-0.0013172931431680301	0.00026869116237271395
0.75	0.3755439913024903	-0.43036564485602	-0.0016199639135921484	0.0005415135448347819
0.76	0.37440436673133665	-0.43898842479131783	-0.0020036549168406803	0.0009188226550284062
0.77	0.3738966545236331	-0.4478321630832154	-0.00249088400076225	0.0014285130590575568
0.78	0.3740868693845243	-0.45684682758309497	-0.0031097964056100436	0.0021041082973226044
0.79	0.3750563932512685	-0.4659633970781112	-0.0038953352214274872	0.00298561905938155
0.8	0.37688969464550337	-0.4751036281466539	-0.004890588004947738	0.004120488875185124
0.81	0.3796823891766268	-0.4841779787432848	-0.0061483469218548414	0.005564653404091957
0.82	0.38354298269624837	-0.4930794814478543	-0.007732907558217261	0.007383694826786469
0.83	0.38858922691279274	-0.5016832248359068	-0.009722131458672345	0.009654122114610697
0.84	0.3949519102502561	-0.5098437548607097	-0.012209795871380491	0.012464769549972332
0.85	0.40277690759467316	-0.5173867413146465	-0.015308269626521376	0.01591831800545851
0.86	0.41222414596631674	-0.5241126751120331	-0.019151545104527046	0.02013298585170964
0.87	0.42346444466310806	-0.5297872983629096	-0.0238986557841534	0.025244312072180475
0.88	0.43669289743069717	-0.5341374487500379	-0.029737545272540133	0.031407177409939036
0.89	0.45211796769902673	-0.536845958580518	-0.0368893846224676	0.03879789676683365
0.9	0.4699622921952541	-0.5375477476342706	-0.04561341056927293	0.047616560011316866
0.91	0.49047181248905064	-0.5358153875541649	-0.05621237652141026	0.05808952907917653
0.92	0.5139086958249635	-0.5311609639535939	-0.06903853897582113	0.07047211227281835
0.93	0.5405520801632604	-0.5230238372647762	-0.08450035428740788	0.08505148289658382
0.94	0.5707001858125061	-0.5107594695899826	-0.10306993127902542	0.10214976673030529
0.95	0.604669723240224	-0.49363285941621465	-0.1252912025672116	0.12212740752632761