0.	-0.3656514522676133	0.14759476036490327	0.	0.
0.01	-0.368947279926374	0.14554164341553388	4.263256414560601e-14	1.6342482922482304e-13
0.02	-0.37204683285727924	0.14345735258570613	-7.105427357601002e-14	9.947598300641403e-14
0.03	-0.3749509715081416	0.14135283371705043	-2.842170943040401e-14	1.9895196601282805e-13
0.04	-0.3776606077905029	0.1392378223473969	-4.263256414560601e-14	4.192202140984591e-13
0.05	-0.3801699277136734	0.13712300817421408	-2.0605739337042905e-13	1.2789769243681803e-13
0.06	-0.3824940208238985	0.13500512665349618	-7.176481631177012e-13	4.121147867408581e-13
0.07	-0.38462812758378107	0.13288015837910905	-3.481659405224491e-13	3.552713678800501e-14
0.08	-0.3865736923021217	0.13076157061030358	1.4210854715202004e-13	4.263256414560601e-13
0.09	-0.3883298537477913	0.12865939699813111	-1.4921397450962104e-12	-7.105427357601002e-14
0.1	-0.3899023144048712	0.1265644745808885	-8.739675649849232e-13	-2.984279490192421e-13
0.11	-0.39128821630492183	0.12448473438031016	-1.5631940186722204e-12	-6.181721801112872e-13
0.12	-0.39249970372237897	0.122421340666655	-4.675371201301459e-12	-4.11404244005098e-12
0.13	-0.3935266789390113	0.12038384764854726	-1.1212364370294381e-11	-1.375610736431554e-11
0.14	-0.39437550081709105	0.1183737894981789	-2.688693712116219e-11	-4.25330881625996e-11
0.15	-0.3950546307457117	0.11637966180740023	-6.070166591598536e-11	-1.1790746157203102e-10
0.16	-0.3955527385926274	0.11442699215321284	-1.2666134807659546e-10	-3.013127525264281e-10
0.17	-0.39587702957327053	0.11251356061454487	-2.426077116979286e-10	-7.217977326945402e-10
0.18	-0.3960444829076266	0.11061966392561118	-4.185523039268446e-10	-1.6332251107087359e-9
0.19	-0.3960391988975829	0.10877575611713297	-6.376836836352595e-10	-3.510670865125576e-9
0.2	-0.39586960903766055	0.1069707475579662	-7.9178619216691e-10	-7.206111263258208e-9
0.21	-0.39553878793878283	0.10520905815083381	-5.726583651721739e-10	-1.4189517116847128e-8
0.22	-0.395044484436724	0.10349981958618315	7.436220528234117e-10	-2.688901190595061e-8
0.23	-0.3943933915541713	0.10183319191361306	4.666198094582796e-9	-4.9201098306639324e-8
0.24	-0.3935893137381292	0.10022242174323992	1.4100326239940841e-8	-8.716513377748925e-8
0.25	-0.39262685898357574	0.09866722569474007	3.431461692571247e-8	-1.498816573075601e-7
0.26	-0.3915177567004555	0.09716451860208508	7.443021488029444e-8	-2.5066592002076504e-7
0.27	-0.39025833709560587	0.09572026104603992	1.4962449412792012e-7	-4.085047393687091e-7
0.28	-0.3888477364756895	0.09434342532777862	2.8430679321900243e-7	-6.497832458762787e-7
0.29	-0.38729577142787974	0.09302191015127192	5.166042811310945e-7	-1.0102608172246619e-6
0.3	-0.3855971831560687	0.09177507090453929	9.04515179200871e-7	-1.5372442341288206e-6
0.31	-0.38376277524199054	0.09058349891916961	1.5342429797726709e-6	-2.291807192023043e-6
0.32	-0.381788684099444	0.0894691450624876	2.5311893416812836e-6	-3.35085318425854e-6
0.33	-0.37967854334993234	0.08842217632583171	4.074297095257862e-6	-4.808730871275202e-6
0.34	-0.3774359857407177	0.08744511009193445	6.414397471843358e-6	-6.777959153936308e-6
0.35	-0.3750574737885266	0.08654365502386696	9.897373235645546e-6	-9.388550026301345e-6
0.36	-0.3725522322334349	0.08571381791348998	0.000014992985324369101	-0.00001278515163960492
0.37	-0.36991785182749126	0.08496275295023636	0.000022330261112202265	-0.000017121143120135685
0.38	-0.367156017742829	0.0842898087000492	0.000032740478918213967	-0.0000225485491078814
0.39	-0.3642709032610263	0.08369484643958813	0.000047308671437207295	-0.00002920241714221561
0.4	-0.361262513339895	0.08317868549413276	0.00006743473374370978	-0.00003717802086988797
0.41	-0.35812956299207066	0.0827429086489051	0.00009490511731158335	-0.000046499029906499345
0.42	-0.3548773584643179	0.0823903793062275	0.00013197617620086532	-0.00005707446013225592
0.43	-0.35150331715730676	0.08212053224019655	0.00018146990003753416	-0.00006864171861842294
0.44	-0.34800961614739734	0.08193423045619053	0.0002468832687156919	-0.00008069315244796371
0.45	-0.3443948513563644	0.08183115783211292	0.00033251146814006205	-0.00009238262137678532
0.46	-0.34065924465641517	0.08181249373907562	0.0004435858757880773	-0.00010240873874245437
0.47	-0.3368004140361349	0.08187975846804241	0.0005864266719493028	-0.00010887084253874413
0.48	-0.3328163903828656	0.08203286257461251	0.000768612003679392	-0.00010909258193847471
0.49	-0.3287041948828877	0.08227375752822441	0.0009991597248055761	-0.0000994106417322449
0.5	-0.32445989005978726	0.08260156663299645	0.001288726211490232	-0.00007492086608706927
0.51	-0.3200772515630135	0.08301935707283725	0.0016498186699109851	-0.00002917683800607307
0.52	-0.315550459508823	0.08352931019929066	0.0020970173918595236	0.00004616065662332858
0.53	-0.31087008750030787	0.08413093224035961	0.0026472127296397474	0.00016173640096539543
0.54	-0.306028220804361	0.08483038674102694	0.003319850619449838	0.000330978414240235
0.55	-0.3010096533016089	0.08562692226580104	0.004137181485676322	0.0005706405068774956
0.56	-0.2958023828930525	0.08653035095742112	0.005124518765876829	0.000901435618034796
0.57	-0.29038718975542466	0.08754052313526195	0.00631048994929273	0.0013487400036744646
0.58	-0.28474876438070673	0.08867015616252871	0.007727291101261358	0.0019434025561224644
0.59	-0.2788555234300869	0.08992666427923268	0.009410935151503708	0.0027226496062020544
0.6	-0.2726872969400276	0.0913166420096303	0.011401463966173253	0.0037310880786129985
0.61	-0.2662105738654823	0.09286301926434604	0.013743183888653476	0.00502184854778065
0.62	-0.2593952748238344	0.09457158749956562	0.016484828765371162	0.006657823214563763
0.63	-0.25219000864303354	0.09646956896117587	0.019679729347210184	0.008713054638931794
0.64	-0.24458385137860006	0.09858803203852062	0.023385894861160494	0.011274267742980015
0.65	-0.2364512574455091	0.10093111244802344	0.02766617053415743	0.01444247200324611
0.66	-0.2277954712133834	0.10355541214709163	0.03258809549503283	0.01833489772837993
0.67	-0.21857932972097416	0.10649951968976978	0.03822393778183297	0.02308689778918449
0.68	-0.20862425941094642	0.10977938167856394	0.044650663146583724	0.028854021600267288
0.69	-0.1979417044828473	0.11347981939455565	0.051949440503605615	0.03581459262131759
0.7	-0.1864053276602604	0.1176516810079491	0.060205621483785166	0.04417194498342525
0.71	-0.17391534283414245	0.12236154448360992	0.0695081556332049	0.05415721521129768
0.72	-0.16037711500852936	0.12769783448786143	0.0799490736297237	0.06603238556436963
0.73	-0.145646096121947	0.13374341177124904	0.09162289345743346	0.08009306380718328
0.74	-0.1296108173420656	0.14061820385173718	0.1046257353180593	0.09667209041275981
0.75	-0.11208120942166744	0.14839831789579705	0.11905438759917786	0.1161428040885113