0.	0.19706732201275098	-0.15085029793186433	0.	0.
0.01	0.19925391215740498	-0.14838219247412238	1.942890293094024e-16	-2.7755575615628914e-17
0.02	0.2013446024177407	-0.14589715228584066	1.3877787807814457e-16	-5.551115123125783e-17
0.03	0.20334020439634695	-0.14339735762499256	1.6653345369377348e-16	3.0531133177191805e-16
0.04	0.20524151848127217	-0.14088494214817157	0.	0.
0.05	0.2070493537566583	-0.138362008179509	-1.1102230246251565e-16	2.7755575615628914e-16
0.06	0.20876452759232278	-0.13583062396625867	-1.1102230246251565e-16	-1.3877787807814457e-16
0.07	0.2103878676663029	-0.13329282991939412	8.326672684688674e-17	3.885780586188048e-16
0.08	0.2119202104644093	-0.13075063591449682	2.7755575615628914e-16	1.1102230246251565e-16
0.09	0.21336240246031085	-0.12820602367961606	-5.551115123125783e-17	8.326672684688674e-17
0.1	0.21471529997588512	-0.12566094696148106	-1.3877787807814457e-16	2.220446049250313e-16
0.11	0.2159797695075847	-0.12311733279875206	-2.498001805406602e-16	-2.636779683484747e-16
0.12	0.2171567073868133	-0.12057706958539197	-1.3877787807814457e-16	3.608224830031759e-16
0.13	0.21824696367372	-0.11804205787919363	-3.0531133177191805e-16	-1.8041124150158794e-16
0.14	0.2192514560377043	-0.11551413640211321	8.326672684688674e-17	4.0245584642661925e-16
0.15	0.22017109282070607	-0.1129951324415212	-5.828670879282072e-16	-3.469446951953614e-16
0.16	0.22100679997455586	-0.11048684931540026	-3.0531133177191805e-16	-7.494005416219807e-16
0.17	0.22175951530810045	-0.10799103205558247	8.326672684688674e-17	6.38378239159465e-16
0.18	0.222430178172742	-0.10550956551520983	3.885780586188048e-16	-7.355227538141662e-16
0.19	0.22301974613785622	-0.10304404548382268	1.3600232051658168e-15	-2.220446049250313e-15
0.2	0.2235291954984112	-0.10059624066072662	4.746203430272544e-15	-4.746203430272544e-15
0.21	0.22395951249776297	-0.0981678466533177	1.1379786002407855e-14	-1.0783041126671833e-14
0.22	0.22431169723297492	-0.09576053912063405	2.761679773755077e-14	-2.5271451598030126e-14
0.23	0.22458676441217854	-0.09337597383209266	6.164513344231182e-14	-5.399847236020605e-14
0.24	0.22478574328411607	-0.09101578693914206	1.336153410136376e-13	-1.1310397063368782e-13
0.25	0.22490967860999708	-0.08868159564310021	2.8380076066980564e-13	-2.2691570844557418e-13
0.26	0.22495963066095037	-0.0863749982116913	5.824507542939728e-13	-4.4229897522285455e-13
0.27	0.2249366759807086	-0.08409757439214635	1.1601275495820573e-12	-8.377465388065275e-13
0.28	0.22484190776955154	-0.08185088538909188	2.2541690736233022e-12	-1.545791272761221e-12
0.29	0.22467645556330557	-0.07963646051969542	4.273664755416462e-12	-2.7809143876567077e-12
0.3	0.224441407939402	-0.0774558525984035	7.922884570632505e-12	-4.8849951861384966e-12
0.31	0.22413793304734794	-0.07531055429067152	1.4380996393725809e-11	-8.391218275782819e-12
0.32	0.2237672017254944	-0.07320207287683722	2.5592611363478568e-11	-1.4112544466371446e-11
0.33	0.22333038157627108	-0.0711318445928859	4.470462888761517e-11	-2.3257312742330782e-11
0.34	0.2228286845595236	-0.06910133943907813	7.673234270200169e-11	-3.759099975741975e-11
0.35	0.2222633346649652	-0.06711199277510588	1.295417939584098e-10	-5.962813576232406e-11
0.36	0.22163557668557038	-0.06516522140355714	2.1530077720655072e-10	-9.288356195291669e-11
0.37	0.22094667682988736	-0.0632624241286423	3.5256478292389204e-10	-1.421475576135478e-10
0.38	0.2201979233563807	-0.06140498111018729	5.69278485462732e-10	-2.1379807646493276e-10
0.39	0.21939062698054537	-0.05959425369664481	9.069971163011559e-10	-3.160963366055647e-10
0.4	0.21852611972051797	-0.05783158446840371	1.4268077552781477e-9	-4.594106553512667e-10
0.41	0.21760578394036673	-0.05611828377052072	2.217511563262775e-9	-6.562709126134436e-10
0.42	0.21663095970081173	-0.05445567959847536	3.4068342591453415e-9	-9.210898016531743e-10
0.43	0.21560307847135962	-0.0528450621316151	5.1766311792711406e-9	-1.2693143966457932e-9
0.44	0.21452356191849525	-0.051287654786484824	7.783345162826194e-9	-1.7156202708479285e-9
0.45	0.21339387442865637	-0.04978471657050429	1.1585266551650264e-8	-2.270693695571868e-9
0.46	0.2122155015600469	-0.048337466052251525	1.7078568254058624e-8	-2.935829628014641e-9
0.47	0.21098995606449855	-0.046947098598525236	2.4944570242713127e-8	-3.6943621148366468e-9
0.48	0.20971877653339407	-0.045614786097310026	3.611124760327655e-8	-4.498608430214546e-9
0.49	0.2084035364213493	-0.04434167612150891	5.1832702602228053e-8	-5.250479037655076e-9
0.5	0.20704585443081927	-0.0431288816202055	7.379112482164274e-8	-5.773357195093531e-9
0.51	0.20564731720778592	-0.041977537953454415	1.0422669485810054e-7	-5.772142937232605e-9
0.52	0.20420959908439137	-0.040888663582637166	1.461020632254062e-7	-4.777275151857108e-9
0.53	0.20273439175948657	-0.0398633171120389	2.03309260371487e-7	-2.0676305667599593e-9
0.54	0.20122341318019227	-0.038902507566341615	2.809284193328043e-7	3.434546182179421e-9
0.55	0.19967841958851837	-0.038007213561872734	3.855493969084911e-7	1.3305082181835903e-8
0.56	0.19810119312512944	-0.03717838012016408	5.256693326460837e-7	2.980632536619954e-8
0.57	0.19649357426304814	-0.03641691258302934	7.121813995203397e-7	5.613594850073511e-8
0.58	0.1948573645618603	-0.03572371949059749	9.589723635183844e-7	9.675227751609894e-8
0.59	0.19319447172832074	-0.03509958803388827	1.2836495463519615e-6	1.5779727419867884e-7
0.6	0.1915068162238329	-0.03454533630798393	1.7084209545104034e-6	2.476404753967709e-7
0.61	0.1897963480355121	-0.034061718339921034	2.261155092220246e-6	3.7757571242497123e-7
0.62	0.18806505407656357	-0.0336494443669407	2.9766516586871017e-6	5.627062789337334e-7
0.63	0.18631497208739456	-0.03330919712685625	3.898158154852505e-6	8.230628854369315e-7
0.64	0.18454812753576613	-0.03304155457166921	5.079169507371528e-6	1.1850082888148483e-6
0.65	0.18276663029392198	-0.03284709451016604	6.5855598266606474e-6	1.6829899804407522e-6
0.66	0.18097261039571386	-0.03272632284098732	8.498088912761714e-6	2.3617187600785683e-6
0.67	0.17916824613659857	-0.032679706754327624	0.000010915343526540777	3.2788603538461136e-6
0.68	0.17735571746908488	-0.032707592622657516	0.000013957165695216434	4.5083491439917855e-6
0.69	0.17553727694935548	-0.032810313763913475	0.00001776864797953248	6.144441344099749e-6
0.7	0.17371520927774692	-0.03298811819903315	0.000022524749533819888	8.306661060400455e-6
0.71	0.1718918408003399	-0.03324119943023872	0.000028435625395922814	0.000011145801390728682
0.72	0.170069510721958	-0.03356959711547626	0.00003575273190978279	0.000014851191132050912
0.73	0.1682506346468592	-0.03397333499688434	0.00004477583371498284	0.000019659431296496777
0.74	0.16643765627970278	-0.034452340281074766	0.00005586096353407677	0.00002586489141653825
0.75	0.1646330569297471	-0.035006369931264235	0.00006942943723756145	0.00003383227686214185
0.76	0.16283932337488316	-0.03563515708485046	0.00008597807765120535	0.00004401155166968568
0.77	0.16105918730654095	-0.03633823017339922	0.00010609068007857991	0.00005695578023351411
0.78	0.15929507882241983	-0.037115061151570206	0.00013045080925411234	0.00007334203614493828
0.79	0.15754988127890296	-0.037964914510500006	0.00015985618989297623	0.00009399641199699105
0.8	0.15582614105562506	-0.03888694339201437	0.00019523446201383243	0.00011992301266152555
0.81	0.15412685654743005	-0.039880095852980676	0.00023766085319146257	0.00015233850505515234
0.82	0.15245469581369456	-0.04094312724940582	0.00028837720376892473	0.0001927118930320909
0.83	0.150812804167004	-0.04207461507742436	0.0003488132757602791	0.00024281169650940126
0.84	0.14920403286444325	-0.04327285009340221	0.00042060920741565644	0.0003047599237848281
0.85	0.14763154013288882	-0.04453587313874974	0.000505640410888214	0.0003810956450628414
0.86	0.14609847897615993	-0.045861393252253024	0.0006060437308341438	0.0004748478536492351
0.87	0.14460822075612118	-0.04724688564224039	0.0007242458600827673	0.0005896199367220328
0.88	0.1431641279832607	-0.048689356365533294	0.0008629924141010659	0.0007296867700991097
0.89	0.1417697483573422	-0.05018546362322661	0.0010253792933781758	0.0009001063188526365
0.9	0.1404286375587378	-0.05173121378607973	0.0012148835802476277	0.0011068475042232753
0.91	0.1391446954231084	-0.05332232914504936	0.0014353977288803776	0.0013569365107443665
0.92	0.1379218578796183	-0.05495375488731138	0.0016912603593675912	0.0016586234021963506
0.93	0.13676426230821717	-0.05661980109841819	0.0019872890126177156	0.0020215717118855017
0.94	0.13567619944005113	-0.058314000596311255	0.0023288101483213974	0.0024570733699755057
0.95	0.13466221838127673	-0.06002897990567736	0.0027216872535956727	0.002978293380330732