0.	-0.26504068581594864	0.15011106723473588	0.	0.
0.01	-0.2706011637489054	0.1457859265485979	7.105427357601002e-15	0.
0.02	-0.275883226139904	0.14137967370759696	4.884981308350689e-15	-3.552713678800501e-15
0.03	-0.2808900533469014	0.13690145095569406	0.	7.105427357601002e-15
0.04	-0.285625288636429	0.13236030353334982	-1.1546319456101628e-14	3.552713678800501e-15
0.05	-0.2900927947384879	0.12776502762789121	7.993605777301127e-15	-1.0658141036401503e-14
0.06	-0.2942970465917556	0.12312443517837579	3.552713678800501e-15	-1.7763568394002505e-14
0.07	-0.29824130638680124	0.11844610486657103	-1.9539925233402755e-14	-2.842170943040401e-14
0.08	-0.3019308653346986	0.11373865134109451	-5.329070518200751e-15	-5.684341886080802e-14
0.09	-0.30537010728794556	0.10900963770873773	1.2434497875801753e-14	6.750155989720952e-14
0.1	-0.30856381835421054	0.10426654632729893	-3.375077994860476e-14	4.263256414560601e-14
0.11	-0.31151559686585983	0.09951755342957114	4.085620730620576e-14	4.263256414560601e-14
0.12	-0.3142342418248347	0.09476652810941388	4.085620730620576e-14	-4.618527782440651e-14
0.13	-0.316721376650861	0.0900232893601185	3.552713678800501e-15	-1.7763568394002505e-14
0.14	-0.31898339334074066	0.08529311520474536	-9.592326932761353e-14	5.3290705182007514e-14
0.15	-0.3210257083584125	0.08058215401279867	-2.1316282072803006e-14	-8.881784197001252e-14
0.16	-0.32285376814432354	0.07589622113805206	-2.1316282072803006e-14	8.526512829121202e-14
0.17	-0.32447314287502493	0.07124090956437001	0.	1.2789769243681803e-13
0.18	-0.3258894333422404	0.0666215127438825	-6.750155989720952e-14	2.4868995751603507e-14
0.19	-0.32710832819543256	0.06204307829410993	-1.1013412404281553e-13	1.8474111129762605e-13
0.2	-0.3281359789637186	0.05751045270306321	-3.552713678800501e-14	2.717825964282383e-13
0.21	-0.3289772904552457	0.05302801086562958	-1.0658141036401503e-14	3.268496584496461e-13
0.22	-0.32963829859075133	0.048599916937766	1.8829382497642655e-13	8.668621376273222e-13
0.23	-0.33012430241498336	0.04423169449925801	2.4868995751603507e-13	1.801225835151854e-12
0.24	-0.33044329647535164	0.03992329979527831	7.922551503725117e-13	3.9328540424321545e-12
0.25	-0.3305989394748039	0.035681853398633834	2.064126647383091e-12	8.306244581035571e-12
0.26	-0.3305977198549286	0.03150941352833492	4.590106073010247e-12	1.7363888105137448e-11
0.27	-0.3304454083398731	0.027408980011770723	9.57456336436735e-12	3.4926728176287725e-11
0.28	-0.33014778049071225	0.02338332855892933	1.8609114249557024e-11	6.87636614316034e-11
0.29	-0.32971060698828225	0.019435002958072545	3.4582114949444076e-11	1.325366483229118e-10
0.3	-0.32913954560710934	0.01556630394351366	5.996980689815246e-11	2.490576633817909e-10
0.31	-0.3284405248294924	0.01177915571086885	9.890754881780595e-11	4.574447487470934e-10
0.32	-0.32761865091909215	0.008075744112813865	1.538893457109225e-10	8.214118274452176e-10
0.33	-0.32667911704223584	0.0044587690833366445	2.2497914642372052e-10	1.4438175099940054e-9
0.34	-0.3256289733277278	0.0009261543416374529	3.028759465451003e-10	2.4858803904237448e-9
0.35	-0.3244722625014731	-0.0025174077760783398	3.6270009218242194e-10	4.196979430659553e-9
0.36	-0.32321467410679716	-0.005872000619349782	3.461693154349632e-10	6.954170239659163e-9
0.37	-0.32186147728153713	-0.009136765727928375	1.383213543704187e-10	1.1318229464762908e-8
0.38	-0.3204177357750311	-0.012311191002238875	-4.716191881470877e-10	1.8110052124598042e-8
0.39	-0.3188886665677835	-0.015394495636841699	-1.8499690668249968e-9	2.851175806561912e-8
0.4	-0.317279517644085	-0.018386524716363928	-4.608200043776378e-9	4.42008920575887e-8
0.41	-0.3155939775108969	-0.02128594950767493	-9.731287775593955e-9	6.75233442493095e-8
0.42	-0.31383834534913646	-0.024096036973506152	-1.87640338822348e-8	1.0171727726770996e-7
0.43	-0.3120161607582368	-0.026813958209493727	-3.4072115795424907e-8	1.5119341822966703e-7
0.44	-0.3101323896999162	-0.0294407805141379	-5.920145618176775e-8	2.2188680581791687e-7
0.45	-0.30819134869899045	-0.03197706147162416	-9.937069833654277e-8	3.2168920638397935e-7
0.46	-0.30619734472658067	-0.034423381196798	-1.621321885636462e-7	4.609748467387931e-7
0.47	-0.30415486872814945	-0.0367804737473616	-2.5825118221689536e-7	6.532325134145367e-7
0.48	-0.3020667637815855	-0.039048165020097336	-4.028590758764494e-7	9.15813821222855e-7
0.49	-0.2999386538676685	-0.04123022030395784	-6.169550115231459e-7	1.2708125698424055e-6
0.5	-0.2977732146945158	-0.0433248731682081	-9.293354068518056e-7	1.7460758687803946e-6
0.51	-0.2955744163224505	-0.045334199082438076	-1.3790562842785903e-6	2.3763604390936166e-6
0.52	-0.2933457410010494	-0.04725954498814389	-2.018544952520074e-6	3.2046294995424773e-6
0.53	-0.2910906142418881	-0.04910109145700137	-2.9174979374602117e-6	4.283484122069581e-6
0.54	-0.2888127805758174	-0.05086296937973156	-4.1677396556139e-6	5.676720273406488e-6
0.55	-0.2865148538669118	-0.05254411695186789	-5.88920025279549e-6	7.460973621142841e-6
0.56	-0.28420008334745717	-0.05414700444255871	-8.237272197675338e-6	9.727434481909825e-6
0.57	-0.28187158517002864	-0.055673034981352565	-0.0000114117535794378	0.00001258355874433903
0.58	-0.279531983748587	-0.05712309092180412	-0.000015667676541042397	0.000016154709236992915
0.59	-0.2771846932520585	-0.058501530927904	-0.000021328371316187145	0.000020585645557957832
0.6	-0.2748318151303639	-0.05980754668377308	-0.00002880101827962278	0.00002604168590636391
0.61	-0.27247626137037173	-0.06104387616812357	-0.00003859526495730847	0.000032709465894065204
0.62	-0.2701200208399275	-0.062211687183194364	-0.000051345178857076235	0.00004079700306025558
0.63	-0.2677673934077056	-0.06331514035345975	-0.00006783523141606906	0.00005053297500978715
0.64	-0.2654192719916111	-0.06435417182688763	-0.00008903057492659627	0.00006216462183861182
0.65	-0.26307872778018826	-0.06533174776499528	-0.00011611263834154784	0.00007595438343432903
0.66	-0.26074808123521365	-0.0662490965928022	-0.00015052028885165214	0.00009217440496378515
0.67	-0.25843101036866933	-0.0671111189006286	-0.00019399782911300179	0.0001110988083006248
0.68	-0.2561292208512249	-0.06791796119784088	-0.00024864972112403905	0.00013299269350675047
0.69	-0.2538455103414874	-0.06867230448541584	-0.00031700414796898	0.00015809780298958742
0.7	-0.25158407016606255	-0.06937934412948721	-0.0004020857212090334	0.00018661379908557763
0.71	-0.24934696573793058	-0.07004006159865028	-0.0005074974844534452	0.0002186737486713497
0.72	-0.24713755248630243	-0.07065769784139597	-0.0006375153673952028	0.00025431397874697836
0.73	-0.24496107114078036	-0.07123833519558964	-0.0007971951953642531	0.00029343653767988087
0.74	-0.2428194658365106	-0.07178345276896536	-0.0009924915212247143	0.00033576159644077563
0.75	-0.24071988244749143	-0.0723002367454022	-0.0012303952757699577	0.00038077265664604454
0.76	-0.23866441621945444	-0.07279180737151947	-0.0015190835917753276	0.00042764524373239965
0.77	-0.23666165510692938	-0.07326613880515431	-0.0018680929693282167	0.0004751685520947291
0.78	-0.23471464016187582	-0.07372837155005918	-0.002288506575062854	0.0005216427687564362
0.79	-0.23283280547608243	-0.07418759068630898	-0.002793169449213373	0.0005647687382257516
0.8	-0.23102291330685176	-0.07465242529555915	-0.0033969220519498577	0.0006015073834149121
0.81	-0.2292933707327096	-0.07513329806681845	-0.004116861803454164	0.0006279211545816565
0.82	-0.22765426530327382	-0.07564187547128753	-0.004972632027550716	0.0006389896058394129
0.83	-0.22611696277487425	-0.07619233742922837	-0.005986741532273854	0.0006283926043249011
0.84	-0.2246910366622794	-0.07679947369295803	-0.00718491099580465	0.0005882555109320009
0.85	-0.2233921890695152	-0.0774824702993051	-0.008596464822873351	0.000508873132048393
0.86	-0.22223456297741606	-0.0782617687155156	-0.010254746556570105	0.0003783698219326226
0.87	-0.22123370278459564	-0.07916149090326385	-0.012197582617623937	0.00018232313413513168
0.88	-0.22041066008368215	-0.08020949702850366	-0.014467788825738737	-0.00009665059957875144
0.89	-0.21978238033957487	-0.08143698099233632	-0.017113709213920636	-0.00047941529165385077
0.9	-0.21937438969262013	-0.08288076180533821	-0.020189826735232064	-0.0009908267223099898
0.91	-0.2192082071401784	-0.08458240427197339	-0.023757393574968422	-0.0016604065694743042
0.92	-0.21931314310455097	-0.08658897205955185	-0.02788514273763365	-0.002522995741630396
0.93	-0.2197177661979275	-0.0889552451053941	-0.032650042442756266	-0.003619583583908792
0.94	-0.22045615233438953	-0.0917424799958777	-0.03813811042308046	-0.0049981658944577845
0.95	-0.22156221611164728	-0.09502118195396747	-0.04444529440476597	-0.006714781925699853