0.	0.34259868913726066	-0.13402896923694385	0.	0.
0.01	0.341311603519418	-0.13554236179879098	0.	-3.552713678800501e-15
0.02	0.3399049737129838	-0.13704937091790725	-8.881784197001252e-15	0.
0.03	0.3383783461315384	-0.1385475882141165	1.354472090042691e-14	-7.105427357601002e-15
0.04	0.33673121959682284	-0.14003443630638301	0.	-3.197442310920451e-14
0.05	0.3349631136047826	-0.14150730039347081	3.1086244689504383e-15	3.552713678800501e-15
0.06	0.3330735712252211	-0.14296352110128652	4.440892098500626e-15	3.552713678800501e-15
0.07	0.33106216201831273	-0.1444004026066601	3.552713678800501e-15	-2.4868995751603507e-14
0.08	0.32892847896713295	-0.14581519313287217	3.1530333899354446e-14	0.
0.09	0.3266721463059299	-0.14720511071558917	9.769962616701378e-15	-3.552713678800501e-15
0.1	0.3242928173261599	-0.14856731776104226	-5.773159728050814e-15	-7.105427357601002e-15
0.11	0.321790176360798	-0.1498989299046123	-7.815970093361102e-14	2.842170943040401e-14
0.12	0.3191639442202394	-0.15119701950124664	-4.6629367034256575e-14	-4.618527782440651e-14
0.13	0.316413878066534	-0.15245860851488402	-6.572520305780927e-14	1.0658141036401503e-14
0.14	0.31353977155082546	-0.15368066054021057	-1.3233858453531866e-13	-2.842170943040401e-14
0.15	0.31054146323974763	-0.15486010002536688	-2.007283228522283e-13	4.973799150320701e-14
0.16	0.3074188337548813	-0.1559937936155933	-7.283063041541027e-14	4.973799150320701e-14
0.17	0.30417181039327	-0.1570785478960346	-1.4210854715202004e-14	-3.197442310920451e-14
0.18	0.30080037151550165	-0.15811112300733043	-4.156675004196586e-13	-1.4210854715202004e-13
0.19	0.29730454784141624	-0.1590882176058841	-9.476863738200336e-13	-5.115907697472721e-13
0.2	0.29368442613372103	-0.16000647511728516	-2.3447910280083306e-12	-1.4033219031261979e-12
0.21	0.2899401548870504	-0.1608624832528811	-5.03508346128001e-12	-3.5278446830488974e-12
0.22	0.2860719434368173	-0.1616527620748922	-1.1867840044033073e-11	-8.499867476530198e-12
0.23	0.2820800707188509	-0.16237377572000433	-2.5564439454228705e-11	-1.936228954946273e-11
0.24	0.2779648870895697	-0.16302192393213133	-5.501910038674396e-11	-4.360778405043675e-11
0.25	0.27372681936094345	-0.16359354518629843	-1.1386713794081516e-10	-9.424638847121969e-11
0.26	0.2693663762077074	-0.16408491053742758	-2.2744828243048687e-10	-1.9801582595846412e-10
0.27	0.26488415225728446	-0.16449222447579004	-4.4154191414236266e-10	-4.041513790298268e-10
0.28	0.2602808345067569	-0.16481162329655596	-8.332659007237453e-10	-8.036291632151915e-10
0.29	0.25555720839351537	-0.1650391800895612	-1.531053506198532e-9	-1.557777906668889e-9
0.3	0.25071416282193226	-0.16517089105082583	-2.7429774007714514e-9	-2.950120148170754e-9
0.31	0.2457526989101293	-0.16520268325400878	-4.797985120319481e-9	-5.462037933057218e-9
0.32	0.24067393518603186	-0.16513041486109614	-8.201849865940858e-9	-9.900416486630093e-9
0.33	0.23547911767157892	-0.16494986441242787	-1.371754354551058e-8	-1.7586488709753212e-8
0.34	0.23016962571860322	-0.16465674386759943	-2.2463877868972304e-8	-3.06433989294419e-8
0.35	0.22474698277738092	-0.16424668591120195	-3.604992926398154e-8	-5.242188549914317e-8
0.36	0.2192128653661385	-0.16371524332625853	-5.673308134390709e-8	-8.811823448695577e-8
0.37	0.21356911357445885	-0.16305789788920322	-8.761628400577592e-8	-1.4565686967671354e-7
0.38	0.20781774183141621	-0.16227005393464822	-1.32862269630607e-7	-2.369347171793379e-7
0.39	0.20196095191926666	-0.1613470296701962	-1.9793380090504797e-7	-3.7954909082316135e-7
0.4	0.19600114369060417	-0.1602840723623089	-2.898346620483494e-7	-5.991569320684675e-7
0.41	0.18994093106510235	-0.1590763487469804	-4.1732511757430757e-7	-9.326760963546121e-7
0.42	0.1837831565511907	-0.15771894452238655	-5.910801581521241e-7	-1.4325634545286903e-6
0.43	0.1775309045267086	-0.1562068713081679	-8.237355970663884e-7	-2.172476378348165e-6
0.44	0.17118752243089475	-0.15453505979041537	-1.129750565098675e-6	-3.2547074670929987e-6
0.45	0.16475663593037737	-0.15269835974269697	-1.5249999449906682e-6	-4.819856124882449e-6
0.46	0.15824216950775138	-0.15069155034577975	-2.025972786867669e-6	-7.059310055623769e-6
0.47	0.15164836728216535	-0.14850933842749114	-2.648426306706142e-6	-0.000010231260272774989
0.48	0.1449798154469839	-0.1461463480284486	-3.405308447668176e-6	-0.000014681102626923348
0.49	0.13824139251909173	-0.1435969544613176	-4.303704546515519e-6	-0.000020867284606040926
0.5	0.13143858747688242	-0.14085601658918812	-5.340520818464256e-6	-0.000029393885002448883
0.51	0.12457708000505896	-0.13791778109208863	-6.496530414068502e-6	-0.000041051468583575
0.52	0.11766310067674368	-0.13477690480493187	-7.728343259572057e-6	-0.000056868099083118295
0.53	0.11070323870280063	-0.13142713380605286	-8.957755046168359e-6	-0.00007817274503452154
0.54	0.10370469538658078	-0.12786300333988976	-0.000010057798030871368	-0.00010667382148810134
0.55	0.09667515155574513	-0.12407871935916859	-0.000010834704943007978	-0.00014455606914864916
0.56	0.08962283109432079	-0.12006845259406873	-0.000011004793581292915	-0.00019459965761114972
0.57	0.08255652412080394	-0.11582632571159124	-0.000010165108676574164	-0.0002603261330342832
0.58	0.07548560230120671	-0.11134642644282522	-7.756395614677558e-6	-0.00034617667204628333
0.59	0.06842002418666127	-0.10662280571572502	-3.0166950271137694e-6	-0.0004577291490992508
0.6	0.061370339438164834	-0.10164946703493882	5.076482949561978e-6	-0.0006019617093500074
0.61	0.054347745904383515	-0.09642027061705072	0.00001787782253082071	-0.000787571905780382
0.62	0.047363746047480504	-0.09092932093186334	0.00003716295571720707	-0.001025362223440851
0.63	0.04043053657364126	-0.08517032955396964	0.00006523715206618874	-0.0013287043266956289
0.64	0.033560616579134006	-0.07913698536428981	0.00010506910434848749	-0.0017140971612121803
0.65	0.026766715594796153	-0.07282280119612494	0.00016045429802069577	-0.0022018360114230973
0.66	0.02006158562481275	-0.06622079059434327	0.00023621438785070836	-0.0028168129548511445
0.67	0.013457745188603099	-0.05932431734257193	0.00033843999623428545	-0.0035894724111145138
0.68	0.006967031003320301	-0.052125524609678564	0.00047478593633876187	-0.0045569495484798495
0.69	0.0006000224245799046	-0.04461643537886317	0.0006548297327970687	-0.005764424087995934
0.7	-0.005634243516865922	-0.036786931898287634	0.0008905069094371498	-0.007266725671438934
0.71	-0.01172975800553644	-0.028626595918122888	0.0011966387773174603	-0.009130237986244794
0.72	-0.017683406303426352	-0.020123862298760287	0.0015915732899891566	-0.011435148222645353
0.73	-0.02350122956538314	-0.011259993125964485	0.0020979598924952825	-0.014278101471891347
0.74	-0.029191476924971482	-0.0020198468173298068	0.002743699899207641	-0.017775336038763356
0.75	-0.03477577978320667	0.0076214582719202895	0.0035630865107272314	-0.0220663605618725
0.76	-0.040288682685060806	0.017692793552459563	0.00459820679389189	-0.02731828415687687
0.77	-0.04578259479550972	0.028231532485275324	0.005900644656804843	-0.03373089218144898
0.78	-0.051332715497521164	0.03928665852874147	0.007533567471384117	-0.04154258336469496
0.79	-0.05704542626145148	0.05091982346808521	0.009574274882982792	-0.05103732330686839
0.8	-0.0630675204906943	0.06321113266428213	0.012117350232932367	-0.06255276374686858
0.81	-0.0695981237127068	0.07626342746986481	0.015278520164162757	-0.07648967938945717
0.82	-0.07690496512950595	0.09021008691550847	0.019199454864269327	-0.09332297842630055
0.83	-0.08534352266638123	0.10522231841263618	0.024053740377267374	-0.11361445428354955
0.84	-0.0953879730310625	0.1215289244844584	0.030054298116574785	-0.13802755515804677
0.85	-0.10766400383242214	0.1394090853756218	0.0374627662573328	-0.16734454319161784
0.86	-0.12299869830567545	0.15923284577390717	0.04660124512303021	-0.20248605404589526
0.87	-0.14248079384909218	0.181472846977897	0.05786733888562523	-0.24453364641693298
0.88	-0.16755479378878846	0.20672987434889478	0.0717532312762792	-0.29475562988511683
0.89	-0.2001275265188056	0.23577124129675298	0.08887045541540317	-0.35463592016768075
0.9	-0.24274193598210658	0.26956485920763384	0.10998183120370442	-0.42590684626735964
0.91	-0.2987892615270944	0.309327847987241	0.13604375185531126	-0.5105846473089528
0.92	-0.37284184127663167	0.3565686344926675	0.16826181027304088	-0.6110081021555942
0.93	-0.47110281167183743	0.4131248516942847	0.20816623099810272	-0.7298774036600619
0.94	-0.6020825583036888	0.4811633543131819	0.25771453417825185	-0.8702900734393424
0.95	-0.7776133908100249	0.5630840908094115	0.3194346784872515	-1.0357652580801542