0.	-0.19706732210481087	0.15085030251755	0.	0.
0.01	-0.20139912943116214	0.1458718243220863	-1.3877787807814457e-16	3.608224830031759e-16
0.02	-0.20545513866337015	0.14078044986779154	1.6653345369377348e-16	2.220446049250313e-16
0.03	-0.20923533642776337	0.13558865755046257	-3.0531133177191805e-16	-1.1102230246251565e-16
0.04	-0.21274016845857863	0.13030877010424563	3.0531133177191805e-16	1.6653345369377348e-16
0.05	-0.21597055033383517	0.12495294624362618	-8.326672684688674e-17	-1.5265566588595902e-16
0.06	-0.21892785562556216	0.11953316404642335	5.551115123125783e-17	-1.3877787807814457e-17
0.07	-0.22161392483694095	0.11406119212378477	-8.326672684688674e-17	1.6653345369377348e-16
0.08	-0.22403097829073956	0.1085486278091422	0.	6.938893903907228e-17
0.09	-0.2261817141124048	0.103006803502515	-1.3877787807814457e-16	4.163336342344337e-17
0.1	-0.22806923137829027	0.09744678466926024	5.551115123125783e-17	6.938893903907228e-17
0.11	-0.22969702314818144	0.09187954807681437	-8.326672684688674e-17	-1.3877787807814457e-16
0.12	-0.2310689560588778	0.08631553342115847	-1.942890293094024e-16	4.996003610813204e-16
0.13	-0.2321892891456421	0.08076509396030049	1.3877787807814457e-16	2.914335439641036e-16
0.14	-0.23306263305137706	0.07523823748213464	1.942890293094024e-16	1.8041124150158794e-16
0.15	-0.23369394333802762	0.06974466688968321	9.159339953157541e-16	-1.5959455978986625e-15
0.16	-0.23408850601130365	0.06429376867818545	1.8041124150158794e-15	-2.8449465006019636e-15
0.17	-0.23425192236243966	0.05889460195566085	6.716849298982197e-15	-6.813993813636898e-15
0.18	-0.2341900942424651	0.053555888362331404	1.9623191960249642e-14	-1.762479051592436e-14
0.19	-0.23390922392282806	0.04828598465105895	5.084821452783217e-14	-4.145989107584569e-14
0.2	-0.2334157364041607	0.04309294281186926	1.2839729279789935e-13	-9.13852327144582e-14
0.21	-0.23271636580105942	0.0379844153150659	3.027578188152802e-13	-1.8761381337384364e-13
0.22	-0.23181803303841594	0.03296764852266232	6.85201895223031e-13	-3.65152352799214e-13
0.23	-0.2307279127978496	0.028049556593253734	1.482369782479509e-12	-6.696622423252307e-13
0.24	-0.22945337027773904	0.02323665042756804	3.0807856266079625e-12	-1.150732287236167e-12
0.25	-0.22800195523739736	0.018535046999070093	6.168482391544217e-12	-1.8433796156180904e-12
0.26	-0.2263813842978052	0.013950464423277478	1.1931289289890401e-11	-2.700353829432345e-12
0.27	-0.22459952100665875	0.009488217125077712	2.234873397455317e-11	-3.4660399550467957e-12
0.28	-0.22266438116137222	0.005153190851723201	4.0612985197086005e-11	-3.4267311210811613e-12
0.29	-0.22058404049815075	0.0009499178987340123	7.172765159602079e-11	-9.59024526459018e-13
0.3	-0.21836672622604808	-0.003117522284055284	1.2329529064381006e-10	7.2408398721357514e-12
0.31	-0.2160206927662435	-0.007045499363111399	2.065309312460073e-10	2.7434159111106027e-11
0.32	-0.2135542830750841	-0.010830750021927571	3.3748040473291496e-10	7.086140701995092e-11
0.33	-0.21097586567894572	-0.014470444300198622	5.383690160343235e-10	1.5685819310107263e-10
0.34	-0.20829382421232084	-0.017962168513889057	8.389363648220183e-10	3.1753261131584054e-10
0.35	-0.20551654651819465	-0.021303926216125445	1.27743049471718e-9	6.045889691663753e-10
0.36	-0.20265239301541388	-0.024494131872002653	1.900721469105804e-9	1.099082012900876e-9
0.37	-0.19970971332966245	-0.02753161176236725	2.7627175547273453e-9	1.9250460045472373e-9
0.38	-0.19669671514740178	-0.030415592137658147	3.919734703483613e-9	3.268152838631355e-9
0.39	-0.19362160728897604	-0.03314570665188459	5.4209557398543495e-9	5.400776680042352e-9
0.4	-0.19049247170812822	-0.03572197999354942	7.291210663007419e-9	8.715004641557389e-9
0.41	-0.18731728044397594	-0.0381448262879115	9.502274717076986e-9	1.3765340901861212e-8
0.42	-0.18410386282330515	-0.04041503710211829	1.1927480531026546e-8	2.132291334472347e-8
0.43	-0.18085991410013702	-0.04253379259411426	1.4272600323828044e-8	3.244298410476354e-8
0.44	-0.17759291397506066	-0.04450256129909575	1.5973822015125094e-8	4.854740775356303e-8
0.45	-0.17431017674539287	-0.046323268520861986	1.6050532208877755e-8	7.152322569620173e-8
0.46	-0.1710188251614289	-0.047998107546888095	1.2897679452228417e-8	1.0383787822643153e-7
0.47	-0.16772574395845594	-0.0495296113116964	3.997690178891844e-9	1.486702849717858e-7
0.48	-0.16443758221989793	-0.05092062341947599	-1.447286260281011e-8	2.1005527399420298e-7
0.49	-0.16116075777855315	-0.05217427974419152	-4.8172785427347264e-8	2.9303644372147275e-7
0.5	-0.15790135716284243	-0.053294002266332845	-1.0530027669264364e-7	4.0381852815102315e-7
0.51	-0.1546652499160313	-0.05428347011886091	-1.9751824845148924e-7	5.499071525569277e-7
0.52	-0.15145799407182703	-0.05514660829294002	-3.411578321510511e-7	7.402155103863883e-7
0.53	-0.14828484229741298	-0.0558875679767864	-5.58768244091068e-7	9.851118647138946e-7
0.54	-0.1451507682601573	-0.05651070372967347	-8.810959038763055e-7	1.2963705814661441e-6
0.55	-0.14206035166806466	-0.057020569058168685	-1.3495876149960395e-6	1.6869756825355076e-6
0.56	-0.13901791475701814	-0.05742187481467809	-2.019536161163016e-6	2.1707158000122684e-6
0.57	-0.13602743907071568	-0.05771948356876991	-2.9640003771091994e-6	2.7614802006262207e-6
0.58	-0.13309259138222915	-0.05791837669309503	-4.278656790923652e-6	3.4721544192942155e-6
0.59	-0.13021664817844564	-0.05802366087954308	-6.087763077700092e-6	4.312969926395516e-6
0.6	-0.12740263142335012	-0.05804051606300774	-8.551451941285482e-6	5.289152738272018e-6
0.61	-0.12465321871727726	-0.057974194316205964	-0.000011874580192555717	6.397643448848023e-6
0.62	-0.12197079903417726	-0.05782998972549226	-0.000016317421683467725	7.6226444293142626e-6
0.63	-0.11935741745961238	-0.057613258940943504	-0.00002220850461397139	8.9296503576336e-6
0.64	-0.11681488831902503	-0.05732935627880133	-0.000029959954014918688	0.000010257636626376243
0.65	-0.11434477930950956	-0.05698364411814597	-0.00004008573490155154	0.000011508879218143087
0.66	-0.11194836384224303	-0.056581518297892694	-0.00005322319784624441	0.000012535869459845417
0.67	-0.10962677672949837	-0.05612834971691402	-0.00007015851550348784	0.000013124735932387721
0.68	-0.1073809757173107	-0.055629507013080656	-0.00009185642823986151	0.000012974316047020817
0.69	-0.10521175638216318	-0.05509040890011514	-0.00011949498962943172	0.000011669906158813526
0.7	-0.10311984985297074	-0.05451642349730673	-0.0001545058577249181	8.650986284025608e-6
0.71	-0.10110606220588089	-0.053913150809866764	-0.000198621510485969	3.1706564437294915e-6
0.72	-0.09917101826397845	-0.05328600922435059	-0.00025392794204270874	-5.752431510547273e-6
0.73	-0.09731569645858071	-0.05264085325688435	-0.00032292828818029917	-0.00001939530804602463
0.74	-0.09554100135359755	-0.051983452365265775	-0.00040861130433310355	-0.00003940131159682614
0.75	-0.09384834233793558	-0.05132013559541964	-0.0005145347001051098	-0.00006786959410610971
0.76	-0.0922392169240047	-0.05065734415477614	-0.0006449131897352661	-0.00010745733297898297
0.77	-0.09071584893502076	-0.05000227866463858	-0.0008047264512415359	-0.00016150810123224252
0.78	-0.08928074071872995	-0.049362560298124844	-0.0009998304863094443	-0.00023419743735571957
0.79	-0.08793725297352353	-0.04874675065286429	-0.0012370930974186373	-0.0003307118082816751
0.8	-0.08668954883863882	-0.0481645004830086	-0.0015245402307056816	-0.0004574578505255264
0.81	-0.08554256739297317	-0.047626574790294196	-0.0018715144587085203	-0.0006223033905621358
0.82	-0.08450244508308877	-0.0471454344499342	-0.0022888628752067847	-0.0008348699920601027
0.83	-0.08357658259110352	-0.04673538844078208	-0.0027891367915554577	-0.0011068656429658597
0.84	-0.08277368059135312	-0.04641304855908824	-0.003386809981585248	-0.001452477130619266
0.85	-0.08210417144836858	-0.04619780569379469	-0.004098534064942719	-0.0018888264449127695
0.86	-0.0815800277880749	-0.04611222180541544	-0.0049433862116699395	-0.0024364908192790885
0.87	-0.08121537065274281	-0.0461828642376746	-0.0059431865798079825	-0.0031201224066447833
0.88	-0.08102635416031502	-0.04644072343308954	-0.007122796582281765	-0.003969134442381797
0.89	-0.08103156270546714	-0.04692217003377107	-0.008510477023680338	-0.005018516271550866
0.9	-0.08125204292261226	-0.04766977001612506	-0.010138248359258042	-0.006309748254061956
0.91	-0.08171165081547689	-0.048733322525697564	-0.012042299363693179	-0.007891860020848754
0.92	-0.08243727408417707	-0.05017097995799	-0.014263421958352576	-0.009822632230505973
0.93	-0.0834588056165979	-0.05205056578974414	-0.01684743099312075	-0.01216996481985802
0.94	-0.0848097604939329	-0.054450943543968414	-0.01984571621981697	-0.015013424709163087
0.95	-0.0865270720541596	-0.05746378591166707	-0.023315681632926938	-0.018446050938346392