0.	0.017765974085244662	-0.544849577357994	0.	0.
0.01	0.005164715364958605	-0.5471485354311866	6.661338147750939e-16	-9.992007221626409e-16
0.02	-0.0075965933585607215	-0.5491777861073986	7.771561172376096e-16	-5.551115123125783e-16
0.03	-0.020509970286278656	-0.5509323120168076	-5.551115123125783e-17	3.3306690738754696e-16
0.04	-0.03356727556995756	-0.5524071913776722	-7.494005416219807e-16	-4.440892098500626e-16
0.05	-0.04676036442876935	-0.553597838057517	-1.887379141862766e-15	-4.440892098500626e-16
0.06	-0.060080735476048336	-0.5544995279886694	-1.5265566588595902e-15	-3.3306690738754696e-16
0.07	-0.07351978764946557	-0.5551081155848648	9.159339953157541e-16	3.3306690738754696e-16
0.08	-0.08706884446214816	-0.5554193469038753	-1.7208456881689926e-15	-4.440892098500626e-16
0.09	-0.10071899617791424	-0.5554291894037788	-5.551115123125783e-16	-1.1102230246251565e-16
0.1	-0.1144611572043944	-0.5551337712963706	6.106226635438361e-16	-1.1102230246251565e-16
0.11	-0.12828606304520945	-0.5545293815398996	-3.3306690738754696e-16	-1.2212453270876722e-15
0.12	-0.14218426936169504	-0.5536124714564097	3.802513859341161e-15	-9.992007221626409e-16
0.13	-0.15614614660578852	-0.5523796572005747	1.970645868709653e-15	-1.9984014443252818e-15
0.14	-0.1701618772048462	-0.550827719500717	6.38378239159465e-16	-1.5543122344752192e-15
0.15	-0.18422145280431287	-0.548953606244259	4.440892098500626e-16	-2.886579864025407e-15
0.16	-0.19831466846808937	-0.5467544339386892	-3.608224830031759e-16	-1.2212453270876722e-15
0.17	-0.21243111950292035	-0.544227489827641	4.996003610813204e-16	-6.439293542825908e-15
0.18	-0.226560053292984	-0.5413701972449451	-7.827072323607354e-15	-7.105427357601002e-15
0.19	-0.24069093513828452	-0.5381802664769616	-1.1518563880485999e-14	-7.549516567451064e-15
0.2	-0.2548125772103006	-0.5346554567154971	-2.8310687127941492e-14	-3.3639757646142243e-14
0.21	-0.26891373641540744	-0.53079378081573	-8.22675261247241e-14	-5.795364188543317e-14
0.22	-0.28298291735601977	-0.5265933990030495	-1.928457393773897e-13	-1.3677947663381929e-13
0.23	-0.29700839653059535	-0.522052667217872	-4.3404169147720495e-13	-2.944311461305915e-13
0.24	-0.3109783389677595	-0.5171700357944022	-9.376943665984072e-13	-6.258327189812007e-13
0.25	-0.3248802604536122	-0.511944421562317	-1.951272476929944e-12	-1.283195771861756e-12
0.26	-0.33870181873395383	-0.5063746626541886	-3.978206652988092e-12	-2.5680568782604496e-12
0.27	-0.35243026832925933	-0.5004598833280257	-7.885248010097712e-12	-4.984013202147253e-12
0.28	-0.3660525849078463	-0.49419941002576634	-1.5231704786344835e-11	-9.462819416938828e-12
0.29	-0.37955545602816787	-0.48759277296466996	-2.874750437698026e-11	-1.7551404773996637e-11
0.3	-0.39292527004848343	-0.4806397118825724	-5.3093529572834086e-11	-3.1890878826601465e-11
0.31	-0.40614810420336694	-0.47334018029418135	-9.606460071864831e-11	-5.683448156545978e-11
0.32	-0.4192097132509104	-0.4656943496750512	-1.7055501455587319e-10	-9.943612599982998e-11
0.33	-0.43209551536387136	-0.45770261414289937	-2.974405721722917e-10	-1.7108914285302035e-10
0.34	-0.44479057998667837	-0.4493655965215475	-5.100574407279623e-10	-2.8974656007818567e-10
0.35	-0.45727961128736955	-0.4406841541215426	-8.60951809844579e-10	-4.834507238982155e-10
0.36	-0.46954693436890316	-0.43165938282512273	-1.4316710594819426e-9	-7.954962799594512e-10
0.37	-0.4815764786612555	-0.4222926252777639	-2.347340322117475e-9	-1.2919512126785548e-9
0.38	-0.49335175982477214	-0.41258547638130194	-3.797507031055858e-9	-2.0726183547203902e-9
0.39	-0.504855843312479	-0.40253978823248054	-6.066150581851559e-9	-3.2867628063648624e-9
0.4	-0.5160713999744693	-0.3921576858786039	-9.574036008430653e-9	-5.155681770396825e-9
0.41	-0.5269804953994749	-0.38144171344074457	-1.4938317360879694e-8	-8.004623242019449e-9
0.42	-0.5375649630456815	-0.3703942472104973	-2.3055211184619395e-8	-1.2307930230548436e-8
0.43	-0.54780586872741	-0.35901840295758675	-3.5214267168903746e-8	-1.8752163211122053e-8
0.44	-0.5576838249406051	-0.34731744695180605	-5.3254278431502655e-8	-2.8324183332095743e-8
0.45	-0.5671788773475976	-0.3352949548309968	-7.977499150157996e-8	-4.2433206448588834e-8
0.46	-0.5762704784599321	-0.32295482029574707	-1.1842204994394478e-7	-6.307907624014675e-8
0.47	-0.5849374583027162	-0.31030126597835983	-1.7426761111938305e-7	-9.308340176428231e-8
0.48	-0.5931579938151198	-0.2973388534532596	-2.543155096512706e-7	-1.36405153228214e-7
0.49	-0.6009095764123373	-0.2840724951591008	-3.6816648474324865e-7	-1.9857036670511974e-7
0.5	-0.6081689778076653	-0.27050746500654915	-5.28888820405804e-7	-2.872541627341185e-7
0.51	-0.6149122122820647	-0.25664941157092425	-7.54149976578411e-7	-4.1306646814120995e-7
0.52	-0.6211144988838431	-0.24250436868860356	-1.0676775018536588e-6	-5.906085612794598e-7
0.53	-0.6267502185997864	-0.22807877049958464	-1.50113342367586e-6	-8.398887934857324e-7
0.54	-0.6317928703339175	-0.21337946222584173	-2.0965027647257273e-6	-1.188212738340022e-6
0.55	-0.6362150222874905	-0.19841371306901376	-2.9091175544060377e-6	-1.672698509536108e-6
0.56	-0.6399882602151428	-0.18318923140220778	-4.0114599570983955e-6	-2.3436128257781075e-6
0.57	-0.6430831311581096	-0.1677141723104793	-5.4979121593135005e-6	-3.2687813561471657e-6
0.58	-0.6454690822551732	-0.1519971527369216	-7.490646906083143e-6	-4.539401350533989e-6
0.59	-0.64711439275974	-0.13604725774704413	-0.000010146877609362726	-6.277678268273856e-6
0.6	-0.6479860995535338	-0.11987404721097145	-0.000013667711012965711	-8.646828641101223e-6
0.61	-0.6480499140089422	-0.1034875580389436	-0.000018308862594240694	-0.000011864142631545782
0.62	-0.6472701290789982	-0.08689830024581291	-0.000024393503452735388	-0.000016217991213818284
0.63	-0.6456095111469733	-0.07011724291047278	-0.00003232749511228317	-0.00002208990343383066
0.64	-0.6430291805057612	-0.05315578895082229	-0.000042617232003050454	-0.00002998313842234035
0.65	-0.6394884702641714	-0.03602573290665306	-0.00005589022585350545	-0.000040559552001884214
0.66	-0.634944763856094	-0.01873919340280017	-0.00007291842134604654	-0.000054687018526511366
0.67	-0.6293533040363912	-0.0013085134007636556	-0.00009464398669856156	-0.00007350023937713335
0.68	-0.6226669695826597	0.016253887370400177	-0.0001222069452815333	-0.00009847846115351722
0.69	-0.6148360109520449	0.033935719232636496	-0.00015697343953380294	-0.00013154447220170562
0.7	-0.6058077383435936	0.05172512042202526	-0.0002005625716204884	-0.0001751902465052524
0.71	-0.5955261554365088	0.0696110676647076	-0.00025486853672784804	-0.00023263580193488842
0.72	-0.5839314002718541	0.0875837943354088	-0.0003220729555029056	-0.0003080292215230651
0.73	-0.5709597709942199	0.1056361836276491	-0.0004046401263305688	-0.0004066973207477731
0.74	-0.5565423286162844	0.12376398468505084	-0.0005052835401694322	-0.0005354582315419132
0.75	-0.5406048092980621	0.1419678585759769	-0.0006268884974924838	-0.0007030088434725468
0.76	-0.5230667705778927	0.16025527680108215	-0.0007723675493072069	-0.0009204017699653844
0.77	-0.5038408588322141	0.1786432900608405	-0.0009444168722581026	-0.001201627698235841
0.78	-0.4828321158590975	0.197162295750343	-0.0011451285308760606	-0.0015643192406711859
0.79	-0.45993733649476354	0.2158611299231477	-0.0013753957942876927	-0.002030590690536682
0.8	-0.43504546362046026	0.234814205308542	-0.0016340254000660193	-0.002628023771814758
0.81	-0.4080373002303171	0.25413022517200845	-0.0019164344961543067	-0.0033907976976977894
0.82	-0.3787882574656956	0.27396575939853596	-0.002212770926613483	-0.00436094152359362
0.83	-0.34717251521964676	0.29454159084779025	-0.0025052271101881907	-0.005589653657926352
0.84	-0.31307066650742676	0.31616625799269465	-0.0027642414457806908	-0.007138562018418337
0.85	-0.2763854280309364	0.3392658693830781	-0.002943162981165093	-0.009080708421788986
0.86	-0.23706637253269425	0.36442532357684976	-0.0029708089673115834	-0.011500838639620814
0.87	-0.19515333960691728	0.3924416800829763	-0.002741144907035864	-0.014494305537620655
0.88	-0.15084682115906095	0.42439331563191884	-0.002099023997084587	-0.018163355446033147
0.89	-0.10462534488043601	0.4617274161286026	-0.0008205952744217426	-0.02260870822555322
0.9	-0.057439076418889984	0.5063654084227105	0.001413476750546011	-0.027912791238796753
0.91	-0.011028505748571032	0.5608180489163542	0.005054406534301142	-0.03410810855342561
0.92	0.03154821056339277	0.6282845563573638	0.010734271332599493	-0.041118719747295085
0.93	0.06502934866724525	0.7126587893428568	0.019330378932334524	-0.048651514087527103
0.94	0.08045325855074048	0.8182442732255483	0.032045549062739376	-0.055988556873944995
0.95	0.06259053314919338	0.9486621350783357	0.05049016919528554	-0.06156891191228442