0.	0.24606112344113987	-0.13213408149191708	0.	0.
0.01	0.2460470585990558	-0.13214443719966235	0.	0.
0.02	0.24600477668495557	-0.13217547720912914	0.	0.
0.03	0.24593427149415617	-0.13222721727003245	0.	0.
0.04	0.24583548822831439	-0.13229966357563833	0.	0.
0.05	0.2457083516691513	-0.13239282806465946	0.	0.
0.06	0.24555276425049194	-0.13250672533815983	0.	0.
0.07	0.24536860636902294	-0.13264137274875298	0.	0.
0.08	0.24515573608788882	-0.1327967914186245	0.	0.
0.09	0.24491398918716514	-0.13297300529452982	0.	0.
0.1	0.24464317839064487	-0.13317004177680025	0.	0.
0.11	0.24434309338124802	-0.13338793133499766	0.	0.
0.12	0.24401350014107878	-0.13362670781225133	0.	0.
0.13	0.24365414065022065	-0.13388640813891273	0.	0.
0.14	0.24326473231320636	-0.13416707268147499	0.	0.
0.15	0.2428449676883652	-0.13446874500293166	5.551115123125783e-17	0.
0.16	0.24239451325575068	-0.1347914717310285	5.551115123125783e-17	0.
0.17	0.24191300954758985	-0.13513530303270072	-2.7755575615628914e-17	1.1102230246251565e-16
0.18	0.24140006979150266	-0.13550029216746717	1.6653345369377348e-16	-1.6653345369377348e-16
0.19	0.2408552796838485	-0.13588649588491036	5.273559366969494e-16	-8.881784197001252e-16
0.2	0.2402781960078599	-0.13629397397743281	1.4432899320127035e-15	-2.1094237467877974e-15
0.21	0.2396683460963501	-0.13672278981257635	3.524958103184872e-15	-4.773959005888173e-15
0.22	0.23902522663098758	-0.13717300995917542	8.132383655379272e-15	-1.1046719095020308e-14
0.23	0.2383483031015097	-0.13764470431280912	1.8263168755083825e-14	-2.4646951146678475e-14
0.24	0.2376370078251882	-0.13813794611686886	3.938516179857743e-14	-5.3013149425851225e-14
0.25	0.23689073950078368	-0.13865281212050085	8.215650382226158e-14	-1.1052270210143433e-13
0.26	0.23610886154401534	-0.13918938230651878	1.6669998714746725e-13	-2.2354340600827527e-13
0.27	0.2352907006399883	-0.13974774029107895	3.2893132662081825e-13	-4.407030296249559e-13
0.28	0.23443554554136184	-0.14032797281703724	6.334099911242674e-13	-8.468226120328382e-13
0.29	0.23354264502819674	-0.1409301703516901	1.1920464615400306e-12	-1.590227949321843e-12
0.3	0.23261120675275007	-0.14155442680444458	2.195854609254866e-12	-2.9230506903843434e-12
0.31	0.23164041299010504	-0.14220082883054957	3.964745198814512e-12	-5.2655657611921924e-12
0.32	0.23062934677708993	-0.14286949922988246	7.0260186557646875e-12	-9.309053528028244e-12
0.33	0.2295770975613015	-0.14356053153648352	1.2233880575251987e-11	-1.6169454664094474e-11
0.34	0.228482686917086	-0.14427403404780387	2.0952489743208957e-11	-2.7622237830371432e-11
0.35	0.22734508426473335	-0.14501011851715623	3.533029424573897e-11	-4.645311912909733e-11
0.36	0.22616320499927914	-0.14576890068291498	5.870481878389455e-11	-7.697464887712613e-11
0.37	0.22493591356486892	-0.14655047038512692	9.619785523717894e-11	-1.2577783259359876e-10
0.38	0.22366199371679948	-0.14735501019265285	1.5557580224090373e-10	-2.0281720747306053e-10
0.39	0.22234018063871042	-0.14818266705072097	2.484852323902942e-10	-3.22957383058764e-10
0.4	0.2209691453287463	-0.14903347535461836	3.922053792848601e-10	-5.081550180641159e-10
0.41	0.21954748035909646	-0.1499076188153698	6.121154416671715e-10	-7.905150978260167e-10
0.42	0.21807370529419554	-0.15080523736753015	9.451354698875036e-10	-1.2165234930527902e-9
0.43	0.21654625966356217	-0.15172647521885352	1.4444854479211955e-9	-1.852864972562429e-9
0.44	0.21496349931377165	-0.15267148161498895	2.186214653754348e-9	-2.7943536373697953e-9
0.45	0.21332369056446263	-0.15364041045098553	3.278092380876174e-9	-4.174654899546937e-9
0.46	0.2116250047236197	-0.15463342028071453	4.871626185787292e-9	-6.180679301692749e-9
0.47	0.2098655129001864	-0.15565067541380456	7.178190486456515e-9	-9.07175523590098e-9
0.48	0.20804317866654892	-0.1566923454798408	1.0490534219087522e-8	-1.320499620760529e-8
0.49	0.20615585145411547	-0.15775860588491647	1.5211263248993134e-8	-1.9068636447627796e-8
0.5	0.20420125920744925	-0.1588496387118738	2.1890336432406343e-8	-2.7325548934697963e-8
0.51	0.20217701984416347	-0.15996563159645255	3.127412745440594e-8	-3.886969623945191e-8
0.52	0.200080553511298	-0.16110678301659898	4.436920708617009e-8	-5.489890819720955e-8
0.53	0.19790920955294883	-0.16227326980838835	6.252490442060221e-8	-7.700813464683876e-8
0.54	0.19566007948336683	-0.16346539654435316	8.753937102978782e-8	-1.073083444325107e-7
0.55	0.1933302047089115	-0.1646832745255042	1.217954677668054e-7	-1.4857684765834378e-7
0.56	0.19091636216047153	-0.16592717719871308	1.6843339628591636e-7	-2.0444707032885034e-7
0.57	0.1884151520067181	-0.16719734686940363	2.315694503929322e-7	-2.7964590371132303e-7
0.58	0.18582296135898418	-0.16849403815421765	3.1657140575624965e-7	-3.802895350291102e-7
0.59	0.18313594784729448	-0.16981751895702485	4.3040359737345213e-7	-5.142499479582341e-7
0.6	0.18035002077523543	-0.17116807215342356	5.820571182257872e-7	-6.9160655324918e-7
0.61	0.17746081958461746	-0.17254599629616207	7.830834333755199e-7	-9.251997243886478e-7
0.62	0.17446371352291584	-0.17395162049392227	1.0482531631605951e-6	-1.2313056318435933e-6
0.63	0.17135372566953327	-0.1753852488189903	1.3963640217440343e-6	-1.6304536632483213e-6
0.64	0.16812546063007328	-0.1768473127440235	1.8512276930282567e-6	-2.148414560698697e-6
0.65	0.16477333309124992	-0.1783381213043837	2.442872855279443e-6	-2.81737874524568e-6
0.66	0.16129119951909837	-0.17985811938315333	3.2089897568088332e-6	-3.6773689906510754e-6
0.67	0.15767250038979463	-0.1814077530648236	4.1966728204223536e-6	-4.7779070134201795e-6
0.68	0.15391017513886124	-0.18298750145746034	5.464496710405609e-6	-6.179977984244189e-6
0.69	0.14999662711584766	-0.1845979040633846	7.0849794203686756e-6	-7.958327993939918e-6
0.7	0.1459235911168288	-0.18623950006506845	9.147470773518407e-6	-0.000010204126984048045
0.71	0.14168220193814224	-0.1879128951304092	0.000011761547622168855	-0.000013028042866181089
0.72	0.13726278651448937	-0.189618762262796	0.000015060907190167505	-0.000016563752148590627
0.73	0.13265483195523559	-0.1913578202447167	0.000019207844145108233	-0.000020971912828404715
0.74	0.1278468785666328	-0.1931308822763621	0.000024398301682826418	-0.00002644462601897324
0.75	0.12282634458812058	-0.1949387661323042	0.00003086745706792904	-0.00003321035691261631
0.76	0.11757949375660354	-0.196782422541515	0.000038895889543366646	-0.00004153936138256986
0.77	0.11209113892621986	-0.19866287938486915	0.000048816016248232064	-0.000051749498721886944
0.78	0.10634450430925657	-0.20058127253000918	0.000061018758579001187	-0.00006421239989168326
0.79	0.10032094586701784	-0.2025388613933582	0.00007595994373083004	-0.00007935987653334697
0.8	0.09399973868063316	-0.20453698716068242	0.0000941659775016701	-0.00009769030010048363
0.81	0.08735761629976946	-0.20657720836910026	0.00011623780510638948	-0.00011977498952880916
0.82	0.08036838719565076	-0.20866126925900552	0.0001428520739734096	-0.00014626405091688888
0.83	0.07300250496974536	-0.21079112717462012	0.00017475782936632323	-0.00017789143429447485
0.84	0.0652262729525398	-0.21296909677409037	0.00021276590982344246	-0.0002154792898028668
0.85	0.057001271425292765	-0.2151978860740172	0.0002577284415375969	-0.00025994066226164847
0.86	0.04828321141603964	-0.21748081230734684	0.0003105027474537003	-0.00031228149317041876
0.87	0.03902101661876567	-0.21982197717288215	0.0003718948748535622	-0.00037360127292579426
0.88	0.029155155016631795	-0.22222663753876848	0.0004425724710367396	-0.0004450947018843632
0.89	0.018616124125821698	-0.22470170576784154	0.000522938353353819	-0.0005280558788736123
0.9	0.0073221886181302764	-0.2272564810623573	0.0006129480599792458	-0.000623890852620046
0.91	-0.0048231898156502195	-0.22990374096834143	0.000711854606491702	-0.0007341465840611239
0.92	-0.017934548263154437	-0.23266134594974774	0.000817857187965676	-0.0008605709169496878
0.93	-0.03214806817004778	-0.23555449338385637	0.0009276272910624384	-0.0010052249674592506
0.94	-0.04762656400444287	-0.23861941914671736	0.0010356797908922522	-0.0011706912833832073
0.95	-0.06456345395413654	-0.24190758044107286	0.0011335676526563754	-0.0013604016994414048