0.	0.3391653425316554	-0.44071990121223414	0.	0.
0.01	0.3284088266687109	-0.44849426791615565	1.6681100944992977e-13	1.5976109324356003e-13
0.02	0.31730592066261204	-0.4560601429985418	-1.709743457922741e-14	3.377298440909726e-13
0.03	0.3058734309286041	-0.46339062334742726	1.0010881013045037e-12	1.0043632592271479e-12
0.04	0.294130497410667	-0.47046221440545744	-1.0267342531733448e-12	2.4454882563418323e-12
0.05	0.2820790574396763	-0.4772710451150103	1.6864287744056128e-13	1.7199019985980613e-12
0.06	0.2697113906826115	-0.4837791126198707	-8.392730954653871e-13	-3.5138558729386205e-13
0.07	0.2570643940973657	-0.48998628140184447	1.7326140522300193e-12	-2.7814417435934047e-12
0.08	0.2441356180604253	-0.49586355164716234	-5.613287612504791e-13	3.2708280528481737e-12
0.09	0.2309322933307217	-0.501401407562488	-2.1860846466381645e-12	2.424727085781342e-13
0.1	0.21746681496583228	-0.5065770539013061	1.3084533456719782e-12	3.0198066269804258e-12
0.11	0.20376138592795104	-0.5113706290331435	7.69229124841786e-12	8.91697826688187e-12
0.12	0.1898237313858144	-0.5157659240243295	1.0902084790487265e-11	3.473621390526205e-11
0.13	0.17565637738014192	-0.519753230769972	3.543715321185914e-11	1.0478362622023951e-10
0.14	0.16129771848468805	-0.5233015888418375	1.3012244060028877e-10	2.8309998789666224e-10
0.15	0.14674799965560728	-0.5264073976831631	3.9226552561721917e-10	7.099117960152057e-10
0.16	0.13203122844117587	-0.5290463472150781	1.0898638103107317e-9	1.6556215287621967e-9
0.17	0.11715912476174337	-0.5312008872774465	2.8003155072564567e-9	3.6298276606672175e-9
0.18	0.10215735720453997	-0.5328622476319884	6.721279421917359e-9	7.511480437649709e-9
0.19	0.08704132818605356	-0.5340129389650549	1.5244370571432242e-8	1.4764637845665618e-8
0.2	0.0718241334145503	-0.5346331470414477	3.286158803406103e-8	2.76862615056217e-8
0.21	0.056537450494098	-0.5347138476077209	6.771173616249015e-8	4.9692547410273846e-8
0.22	0.04119599109198191	-0.5342395996245379	1.3401299348014817e-7	8.553439923009165e-8
0.23	0.025830565993546217	-0.5332016483427928	2.5583727397693323e-7	1.4142854631860047e-7
0.24	0.010455641241258223	-0.5315813702635467	4.727142028093656e-7	2.2475966154900107e-7
0.25	-0.0048992221177275586	-0.529372869498066	8.47939303855183e-7	3.431261014208431e-7
0.26	-0.02021377836938007	-0.5265578201754922	1.480455219415866e-6	5.02164139160044e-7
0.27	-0.03546199114840501	-0.5231354495782854	2.5216585977649864e-6	7.013466423178016e-7
0.28	-0.05061357603920047	-0.5190949628629529	4.198730850862864e-6	9.267201767082511e-7
0.29	-0.0656470554423131	-0.5144263783397963	6.846484483943871e-6	1.138913266807151e-6
0.3	-0.08053415423348087	-0.509123074341365	0.000010950367262493876	1.2542944903826125e-6
0.31	-0.09524627467199559	-0.503183639090327	0.00001720370149313477	1.1163745707865047e-6
0.32	-0.10975707034385487	-0.49660037569264315	0.000026583067346513944	4.5337635762310313e-7
0.33	-0.12403406840627829	-0.4893728847886035	0.00004044658706466031	-1.18310453051107e-6
0.34	-0.13805119913260377	-0.4814990919625546	0.00006066080240066385	-4.505217207406709e-6
0.35	-0.15178118681010677	-0.4729805240621893	0.00008976318155820562	-0.000010610658164489362
0.36	-0.16519154669389158	-0.4638207761620504	0.00013116863909146126	-0.000021150355683174915
0.37	-0.17825009584134183	-0.4540230005160725	0.00018943012005412374	-0.000038556668465972166
0.38	-0.19093258848311748	-0.4435918147279043	0.0002705653614940573	-0.0000663504974001139
0.39	-0.2032012813641119	-0.4325416224452546	0.000382464387320286	-0.00010955024782577372
0.4	-0.21503032646095216	-0.4208770994519237	0.0005353949522596269	-0.0001752120480854047
0.41	-0.22638420652104183	-0.40861952188542994	0.0007426269525660778	-0.0002731373061100606
0.42	-0.2372314887027247	-0.3957849268985543	0.0010212000529961074	-0.0004167932899215021
0.43	-0.24753812018154658	-0.38239247818182737	0.0013928650918638152	-0.0006245018106659783
0.44	-0.25726774423071547	-0.3684717798903244	0.0018852338274660263	-0.0009209673628192139
0.45	-0.26638622421594926	-0.3540536679378755	0.002533180505763011	-0.0013392281176335952
0.46	-0.27485365238838677	-0.33917864916723595	0.003380546128738615	-0.0019231374019773595
0.47	-0.28262797245836957	-0.32389086836454256	0.004482207722047604	-0.002730503834667386
0.48	-0.28966502406267813	-0.3082484655309341	0.005906586521716606	-0.0038370498050684376
0.49	-0.2959125706136144	-0.2923182614890725	0.00773868669808464	-0.005341382357174074
0.5	-0.301318423873827	-0.27618351757247384	0.010083772594561502	-0.007371215761019623
0.51	-0.3058128838116518	-0.25994446990312	0.013071823919900138	-0.010091135540951701
0.52	-0.30932520084869997	-0.24372272995786232	0.016862923477391434	-0.013712255403153045
0.53	-0.31176678680142844	-0.22766885949096147	0.02165379108300336	-0.01850420785630963
0.54	-0.3130331801906218	-0.21196758954468573	0.027685700588322426	-0.024809987219956364
0.55	-0.3129997041666427	-0.19684528258283363	0.03525410023146036	-0.03306428440039494
0.56	-0.3115124041921779	-0.18258449232979873	0.044720301674355534	-0.04381610217868659
0.57	-0.3083882903058589	-0.1695334336733405	0.05652572978937975	-0.05775658676205375
0.58	-0.3033980102377074	-0.158125467530919	0.07120932961764331	-0.07575322882739628
0.59	-0.2962590426704469	-0.14889928567670221	0.08942886238101444	-0.09889183940386365
0.6	-0.2866254399267716	-0.1425261454554674	0.11198703196675519	-0.1285279611500916
0.61	-0.27406189754440846	-0.13984327691877615	0.1398636916907529	-0.16634981935092658
0.62	-0.2580295056815868	-0.14189399890706567	0.1742555526178864	-0.21445521837335968
0.63	-0.23785500130352888	-0.14998153804639347	0.21662541222873188	-0.2754454204277085
0.64	-0.21269542705248382	-0.16573640712162296	0.26876328076739187	-0.3525396881612944
0.65	-0.18149419040805242	-0.19119204278160143	0.33286273036724706	-0.449714650030427
0.66	-0.1429245725016568	-0.22889287472790787	0.4116162638184545	-0.5718739025978443
0.67	-0.09531618967710787	-0.2820185103497371	0.5083352425061849	-0.7250539742667342
0.68	-0.03656197203698082	-0.3545452214900811	0.6271010304875703	-0.9166741164258156
0.69	0.0360024553633993	-0.45144527872696993	0.7729561161784684	-1.1558385822153103
0.7	0.1257533873501537	-0.578936299016921	0.952146849684777	-1.4537017300151542
0.71	0.2369829482217198	-0.7447992634496821	1.172432459646295	-1.8239077270021922
0.72	0.3751630047138152	-0.9587651078085757	1.4434807623106476	-2.2831180634230517
0.73	0.547290701522122	-1.233014045721446	1.77737477742094	-2.851642026464699
0.74	0.7623443731864613	-1.5827910731570587	2.189265715512857	-3.554184412161606
0.75	1.0318873790614211	-2.0271828658991007	2.698215474148689	-4.420726971322836