0.	-0.40480243109279695	0.1411445493340841	0.	0.
0.01	-0.3988091720334208	0.14519269852641942	-3.0531133177191805e-14	-4.6629367034256575e-14
0.02	-0.3925353272048001	0.1491719548523929	-1.0375034165122088e-13	8.820721930646869e-14
0.03	-0.38596492945453265	0.15306906171115986	-2.0095036745715333e-14	1.5604184611106575e-13
0.04	-0.37908752285943786	0.15687051348567066	4.957145804951324e-14	2.0117241206207837e-13
0.05	-0.37190341651686953	0.16057598072625848	1.6919798895287386e-13	2.153277556260491e-13
0.06	-0.3644084415321968	0.16416821962360592	3.586575481051568e-13	-5.971334537946404e-13
0.07	-0.3566006634115439	0.16764136593192622	2.3919755065549e-13	-4.0206726836800044e-13
0.08	-0.3484693675359817	0.1709882586709281	2.846056723626589e-13	-9.239831122442865e-13
0.09	-0.3400113635684642	0.17419996898313322	-3.1213920337336276e-13	5.824785098695884e-13
0.1	-0.331224365012489	0.17726171817282318	-1.1840528557627295e-12	5.82506265445204e-13
0.11	-0.3221082812814038	0.1801668200619147	-5.297373650847703e-12	3.6714520312841614e-12
0.12	-0.3126543138767797	0.18290587560938598	-1.707617380830584e-11	1.4527684610854408e-11
0.13	-0.3028636040566554	0.1854655228232771	-4.642963791212651e-11	4.841546608069791e-11
0.14	-0.29273014552864873	0.18783745132903273	-1.1548645373338218e-10	1.4332379727477473e-10
0.15	-0.2822548192947718	0.1900087939977978	-2.6372509731587e-10	3.887501986987729e-10
0.16	-0.27143615901603335	0.19197227317478366	-5.549935511162118e-10	9.763503339144108e-10
0.17	-0.26026853200249883	0.19370995703596897	-1.0921996085322405e-9	2.299232915170535e-9
0.18	-0.24875238190840765	0.19521653617667947	-2.0051149351996145e-9	5.106428585532896e-9
0.19	-0.23688630914850933	0.1964760482937847	-3.4370132295791223e-9	1.0792373245083198e-8
0.2	-0.22467141557897463	0.19747863427022433	-5.4918497804923305e-9	2.1806090683140766e-8
0.21	-0.2121037718942213	0.19820888331683334	-8.087758796015976e-9	4.2339983463701714e-8
0.22	-0.1991892520047896	0.19865894851229024	-1.074788874566579e-8	7.933630666312474e-8
0.23	-0.1859236059901943	0.19881263171449592	-1.2165149693155186e-8	1.440004946673401e-7
0.24	-0.17230968368768768	0.1986593297734648	-9.553966562325655e-9	2.5400286343679745e-7
0.25	-0.15835054465429477	0.19818506816093626	2.395304177227331e-9	4.3665341348253506e-7
0.26	-0.14404822102680087	0.1973772442011208	3.3037270530389407e-8	7.334401856406991e-7
0.27	-0.12940522808592478	0.1962237404762935	9.801170711143392e-8	1.2064686148727244e-6
0.28	-0.11442508904237268	0.19470894588360346	2.2237224010790424e-7	1.9475147886860444e-6
0.29	-0.09911157648020322	0.19282020496936927	4.449615208512725e-7	3.0907153122372577e-6
0.3	-0.0834725971582609	0.1905480839858107	8.2433464647369e-7	4.830314927428692e-6
0.31	-0.06751235424147414	0.18787522938144458	1.4467486920688444e-6	7.44535557817283e-6
0.32	-0.051237180148756695	0.18479125563356835	2.4367918591908233e-6	0.000011333956182468796
0.33	-0.03465502515257887	0.1812822258077097	3.971464849775175e-6	0.00001706079181262865
0.34	-0.01777511330990375	0.17733589921140186	6.298715447529413e-6	0.00002542263467678052
0.35	-0.0006050514307995719	0.17293928729575742	9.761819309093284e-6	0.00003753865538985712
0.36	0.016844157422613415	0.16808152735288268	0.000014831460706042632	0.0000549743102714606
0.37	0.034562418486355675	0.1627500031046411	0.000022148094745017	0.00007991097858878193
0.38	0.05253842023952095	0.15693422337224094	0.00003257799887401713	0.00011537727867155789
0.39	0.07075932314091214	0.15062359796929778	0.00004728789780894527	0.00016556341911713734
0.4	0.0892129027877113	0.14380715518668608	0.0000678448667346121	0.00023624710585851139
0.41	0.10788637121315989	0.1364786509397394	0.00009635046871356301	0.0003353679149977751
0.42	0.1267664455919346	0.12862839332001724	0.00013562263031918764	0.0004738000196876646
0.43	0.14584023066220678	0.1202510150869461	0.00018944190047379128	0.0006663865892892334
0.44	0.16509598770784004	0.11134281408362996	0.00026288713086247695	0.0009333210285059346
0.45	0.18452297986445004	0.10190247087191268	0.00036279448042680906	0.0013019837524087946
0.46	0.2041120383527242	0.09193072167280479	0.0004983851678967977	0.0018093766160207775
0.47	0.22385743654974014	0.08143456441313388	0.0006821233930127679	0.0025053384901452536
0.48	0.2437583934267736	0.07042726976241044	0.0009308920869664783	0.0034567806942272378
0.49	0.26382017628556403	0.05892813543780038	0.0012676037105717741	0.004753245787380379
0.5	0.28405691958117457	0.04696965235743366	0.0017233937297700952	0.006514183531120592
0.51	0.30449495459252157	0.03459838841667668	0.0023406227709906746	0.008898448355288129
0.52	0.3251770371525139	0.02188217790646753	0.0031769545985584347	0.012116660778794197
0.53	0.34616902938098143	0.008916212283622542	0.004310908640194455	0.016447262762772842
0.54	0.36756675848285425	-0.004164998770242283	0.005849373606342689	0.02225731176185819
0.55	0.38950779514359085	-0.01717510343811949	0.00793778314719401	0.030029357628291377
0.56	0.41218508051472036	-0.0298571900997485	0.010773857015634214	0.04039610196844041
0.57	0.43586684680202825	-0.0418569708137109	0.014626074873334671	0.054185022674089034
0.58	0.4609232537670683	-0.05269087248682284	0.019858547691743833	0.07247568220730735
0.59	0.4878619763912536	-0.061698633382927665	0.026964323145654723	0.09667322887987287
0.6	0.5173764100048642	-0.06798337153977524	0.03661000722583069	0.1286024643611648
0.61	0.5504126995315661	-0.07033059589963556	0.04969535876361364	0.17062809360610406
0.62	0.5882573547765245	-0.0670986821140293	0.06743272868265915	0.22580802325953941
0.63	0.6326612426745825	-0.05607580912021388	0.09145291904612252	0.2980887932115366
0.64	0.6860037530166176	-0.03428796700735849	0.12394582337730509	0.3925538292274252
0.65	0.7515189486560327	0.002254106712824222	0.16784727674262945	0.515738610902425
0.66	0.8336045807407607	0.058891525807213546	0.22708675831814495	0.6760299746563382
0.67	0.9382419473485523	0.1427633196813744	0.3069153327809675	0.8841705646499707
0.68	1.0735725711645294	0.2633954323898091	0.41433982613007425	1.1538950615668986
0.69	1.250687509716692	0.43348053763980454	0.5586963942692791	1.502729856208959
0.7	1.4847102428476653	0.6699114255040847	0.7524072931617607	1.9529946603704196
0.71	1.7962886180604838	0.9951460187509055	1.0119800133634484	2.533051378169807
0.72	2.213650553283923	1.4390162791729932	1.3593211202123792	3.278852350010272
0.73	2.775448599770132	2.041121679828465	1.823464976918042	4.235844755082619
0.74	3.5347075122893483	2.8540000983446117	2.4428425505038702	5.461288807691762
0.75	4.564319997039017	3.947329664951697	3.2682500643421406	7.027037799515615