0.	-0.4048247083738629	0.14110303430970228	0.	0.
0.01	-0.4032483143524562	0.14215369997469002	-2.5701663020072374e-14	-2.212674488077937e-13
0.02	-0.4015353476407589	0.14316767422848692	-7.194245199571014e-14	1.3325451853063441e-13
0.03	-0.3996657035261654	0.14416133553809712	-7.782663402622347e-14	8.41826608422025e-14
0.04	-0.39761739632540405	0.1451475054922663	-1.9606538614880265e-13	1.484090628167678e-13
0.05	-0.3954077114007815	0.14611971674070043	-1.167399510393352e-13	-1.3739009929736312e-13
0.06	-0.3930340778477678	0.14707119246972827	-1.9456658506555868e-13	-1.5393242236427795e-13
0.07	-0.3904813645484136	0.1480030034792438	-3.094746681142624e-13	4.915234885771724e-13
0.08	-0.38776731887405474	0.1489084236450272	4.317102231254921e-13	3.300415496454434e-13
0.09	-0.38488609094534726	0.14979456157047655	3.2318592246838307e-13	-6.319944567678704e-14
0.1	-0.3818231270871202	0.15065404346087982	1.1637912855633203e-12	-1.871003352249545e-13
0.11	-0.37859666414395887	0.15148102769583824	4.381717211288105e-12	-1.6630308241616376e-12
0.12	-0.37520241383839176	0.15227764491420437	1.3582079905205546e-11	-4.742428671988819e-12
0.13	-0.37163120254154514	0.15303834717620315	4.093969607765757e-11	-1.5793172325473392e-11
0.14	-0.3678897083721556	0.1537637227575941	1.1274320366183588e-10	-4.69112526602089e-11
0.15	-0.36397547857608537	0.15445035404805763	2.88044033069923e-10	-1.25113336357785e-10
0.16	-0.3598896708131596	0.15509591095479333	6.913060679458738e-10	-3.1321203963763367e-10
0.17	-0.3556330135345133	0.15569613354923706	1.5717982471130654e-9	-7.364736598347577e-10
0.18	-0.3512003797905758	0.15624950646807112	3.3987979652927436e-9	-1.6449945849927872e-9
0.19	-0.34659319868694033	0.15675096766262664	7.030068416291613e-9	-3.499271150619876e-9
0.2	-0.34181288964835926	0.1572004673787884	1.397799276325884e-8	-7.136771978943912e-9
0.21	-0.336863302066268	0.15759510377233943	2.682266808662348e-8	-1.40065409826029e-8
0.22	-0.33173296465855734	0.15793306331609516	4.9825762904465165e-8	-2.6536282671241196e-8
0.23	-0.3264337981247395	0.15820955564359204	8.98690206141417e-8	-4.8683194614485004e-8
0.24	-0.32095404633932867	0.15841989843658494	1.577751214676404e-7	-8.670437204316706e-8
0.25	-0.315301057631785	0.15856354485771668	2.7020279125267166e-7	-1.5024091826187913e-7
0.26	-0.3094762828787039	0.15863728035815006	4.5227565176331197e-7	-2.537892808407438e-7
0.27	-0.3034743558347919	0.1586383664534405	7.41165740003602e-7	-4.186272459516527e-7
0.28	-0.2972935819263265	0.1585611761995045	1.1909296856460472e-6	-6.753189089880873e-7
0.29	-0.2909411182573555	0.1584054930346903	1.8788740335784482e-6	-1.0668044333750348e-6
0.3	-0.2844139459382489	0.15816626705528414	2.913880550514669e-6	-1.6521795812851625e-6
0.31	-0.27771216160849993	0.15784255872800687	4.447060686585402e-6	-2.5110800677130563e-6
0.32	-0.2708342640279483	0.1574274509096445	6.6852621773416665e-6	-3.748615733184524e-6
0.33	-0.26378340763449754	0.15691971237245678	9.907860196334273e-6	-5.500583686451899e-6
0.34	-0.2565557565484808	0.1563156471439533	0.000014487424597475762	-7.938544274638248e-6
0.35	-0.2491545621243352	0.15561221647457546	0.000020914640771613202	-0.000011274074733030881
0.36	-0.24158202509635562	0.15480633540709174	0.00002982794348577178	-0.000015761163445371373
0.37	-0.23383739957928767	0.15389466666989685	0.00004204807992502779	-0.000021695260829152074
0.38	-0.22591840857507894	0.1528721950895973	0.00005861756202302226	-0.000029406925074554335
0.39	-0.21783072589092456	0.151739274041713	0.00008084459977811265	-0.00003924720488771016
0.4	-0.20957277168903235	0.15049156539770117	0.00011035054746577622	-0.00005156100711514733
0.41	-0.2011482309306156	0.14912652787542222	0.00014911893124786024	-0.00006664363308508947
0.42	-0.19255690340351764	0.14764140140851678	0.00019954335350555463	-0.0000846740033733917
0.43	-0.18380251895046854	0.14603669923514015	0.0002644698117645339	-0.00010561651556059704
0.44	-0.17488830845381295	0.14431269646199768	0.0003472266137928559	-0.00012908172998379874
0.45	-0.16581832785192654	0.1424686617246503	0.0004516340747221237	-0.00015413292514226962
0.46	-0.15659944772986886	0.14050872026853473	0.0005819803584211081	-0.00017902318645948712
0.47	-0.14723735404385038	0.13843634358578372	0.0007429482256341713	-0.00020084445722631794
0.48	-0.13774207005188122	0.1362588918697776	0.0009394710485125524	-0.00021506519160519044
0.49	-0.1281268156991655	0.13398722746683045	0.0011764877504171212	-0.00021492939074166384
0.5	-0.11840728191142799	0.13163501623085996	0.0014585650449277232	-0.00019068544565092882
0.51	-0.10860518361111447	0.1292221006784799	0.001789334688318281	-0.00012860193139349607
0.52	-0.09874827500695918	0.12677379356442947	0.0021706876509980932	-9.731680216507055e-6
0.53	-0.08887267078509181	0.12432342692961225	0.002601659912708179	0.00019163880689854196
0.54	-0.07902558484190406	0.12191317597804095	0.0030769017012093197	0.0005099108702393967
0.55	-0.06926811394270523	0.11959678977066844	0.0035846261240618654	0.0009905376018674028
0.56	-0.05967813006200156	0.11744173147094326	0.0041038913765719595	0.0016929285548320933
0.57	-0.05035622319118194	0.11553064384618202	0.004601038446128608	0.0026939780423063803
0.58	-0.041431812864779836	0.11396694929063242	0.0050250775939598424	0.0040923345346074586
0.59	-0.033067812643286384	0.11287446069564257	0.0053017353768295555	0.006013556971271761
0.6	-0.025476021305347984	0.11240701900470318	0.005325865591166733	0.008616280403251228
0.61	-0.01891775093105995	0.11274601399316204	0.004951840963178744	0.012099611646176067
0.62	-0.013729248633437446	0.11411159441422032	0.003981372863616257	0.01671189093344229
0.63	-0.01032937980447555	0.11676502270284192	0.002148295577195111	0.02276111215605159
0.64	-0.009245786941198892	0.12101571756331231	-0.000900507530049369	0.0306272471316094
0.65	-0.011131764841077555	0.12722654039979436	-0.005628817591817669	0.04077677741083445
0.66	-0.016814819537309462	0.13582105193728908	-0.012640460301447215	0.0537797475090446
0.67	-0.02730774874285163	0.14729363077410432	-0.02271577692039859	0.07032989326093479
0.68	-0.04387178181523	0.16221185679442096	-0.03685653071626634	0.09126825321324689
0.69	-0.06806532073642646	0.18122911655967439	-0.056341253313243495	0.11761058646242048
0.7	-0.10181735396149985	0.20508861787640992	-0.08279324257945937	0.15057978903688524
0.71	-0.14748067525984987	0.2346273550290774	-0.11826433364446277	0.1916438238732782
0.72	-0.20796050202638314	0.27078930094563536	-0.1653374687793192	0.24255969599078359
0.73	-0.2868086624982101	0.31461069421454785	-0.22725284951701716	0.30542536486955807
0.74	-0.3883754179487474	0.367242913081884	-0.3080625270985127	0.3827400699243159
0.75	-0.5179595606226003	0.42992144016286327	-0.41282103418143307	0.4774755984699499