0.	0.1849364710659709	-0.7925618435789932	0.	0.
0.01	0.16176751517059268	-0.8008891417670392	9.728884364790247e-13	-6.956657472301231e-13
0.02	0.13811657327829052	-0.8085767521628799	3.9039882437919005e-12	-1.2927436898735323e-12
0.03	0.11403866916685351	-0.8156000045763143	7.0071726199216755e-12	5.620948151374705e-12
0.04	0.08958821728609567	-0.8219405756889359	8.091416425770603e-12	-8.263056905377653e-12
0.05	0.06478814884314804	-0.8275753870897748	7.937928092616175e-12	-6.77347067323808e-12
0.06	0.03967284595664483	-0.8324891433150096	3.0309088572266774e-13	3.1818991885756986e-13
0.07	0.014282550715832565	-0.8366355855842728	-3.95516952522712e-13	-3.0548896745585807e-12
0.08	-0.011362056940292187	-0.8400105147510796	9.178546811483557e-12	-4.352296301135539e-12
0.09	-0.03720695600850571	-0.8426008097625672	1.6991852369585558e-11	-3.807287818347049e-12
0.1	-0.06323314616873543	-0.8443637664664079	1.1167122782040906e-11	6.434186516912632e-12
0.11	-0.0893758665694735	-0.8453026043716686	1.6441681349732562e-11	1.4439671680577248e-11
0.12	-0.1155924942633737	-0.8453879398685081	4.2865322402718675e-11	3.981237561845319e-11
0.13	-0.1418697584354956	-0.8446097260182257	1.2254552927970508e-10	1.0026779406757669e-10
0.14	-0.16813842288010034	-0.8429471686315482	3.147954674709297e-10	2.8410640506848495e-10
0.15	-0.19435621778176632	-0.8404005916744337	9.337859374625168e-10	7.079689057221117e-10
0.16	-0.22047467010148222	-0.8369473271213331	2.381877084456363e-9	1.5367653816156235e-9
0.17	-0.24644654442940622	-0.8325971386818762	5.749500958662779e-9	3.2149131135028597e-9
0.18	-0.27221786855845936	-0.8273165646990179	1.3066265180938785e-8	6.240477690155899e-9
0.19	-0.29775005221054124	-0.8211265181841003	2.8274382668502795e-8	1.1358221585489048e-8
0.2	-0.3229787711793635	-0.8140157883518445	5.8587815876531835e-8	1.9450530408526845e-8
0.21	-0.3478581028610592	-0.8059855767049058	1.1666229254858607e-7	3.1121369148401357e-8
0.22	-0.37232715811358624	-0.7970374449572678	2.2403550370420078e-7	4.601235514822832e-8
0.23	-0.396340676622848	-0.7871785805135649	4.1631612796022566e-7	6.148588549415024e-8
0.24	-0.41983621305587937	-0.7764157523915104	7.509754875734131e-7	6.969971722003976e-8
0.25	-0.4427613630668748	-0.7647591329116757	1.3181508315418533e-6	5.321108220712745e-8
0.26	-0.46505936486377536	-0.7522267689436366	2.2566817904356995e-6	-2.2618730666223996e-8
0.27	-0.4866747671716858	-0.7388239625735027	3.7758723709369058e-6	-2.2155344625574003e-7
0.28	-0.5075534531380617	-0.724576144852982	6.185779775957911e-6	-6.547305263504555e-7
0.29	-0.5276314481669957	-0.7095024329551892	9.938342176218917e-6	-1.5083821423012012e-6
0.3	-0.5468600111795391	-0.6936234991986345	0.000015682272095585148	-3.0834653688138758e-6
0.31	-0.565180109160735	-0.6769764728568864	0.000024335800649533113	-5.854242161262846e-6
0.32	-0.5825357427148871	-0.6595815353874137	0.00003718304429922714	-0.000010549692200045868
0.33	-0.598872264335877	-0.6414763407477948	0.0000559988357555774	-0.000018267878073685573
0.34	-0.6141394371656863	-0.6226978605380048	0.00008321009088407827	-0.000030633051771977726
0.35	-0.6282771505932017	-0.6032806130982338	0.00012210383165389693	-0.00005000987664904866
0.36	-0.6412383952854	-0.5832766980672281	0.00017709223107131855	-0.00007979135624969214
0.37	-0.6529689471325034	-0.5627261259596491	0.00025404975908782657	-0.00012478302392171514
0.38	-0.6634213309113739	-0.5416832900428371	0.0003607394766600436	-0.0001917115715279749
0.39	-0.6725473591325515	-0.5202048052708594	0.0005073508485764489	-0.00028989174712124033
0.4	-0.6802993991868973	-0.4983445687686324	0.0007071751962077766	-0.0004320954699791879
0.41	-0.6866319158364835	-0.4761714350288887	0.000977452198565043	-0.0006356772729956273
0.42	-0.6915045851657824	-0.45375552518759543	0.0013404293194577699	-0.0009240219546556849
0.43	-0.6948724847180522	-0.4311715801165621	0.0018246848949786676	-0.0013283980613238433
0.44	-0.6966985345547086	-0.40850573793451217	0.002466778977513351	-0.0018903175074802547
0.45	-0.6969363906058239	-0.3858529978611777	0.003313311975844946	-0.0026645265744213442
0.46	-0.6955660874115985	-0.36329894345919234	0.004423488190360314	-0.003722779857881775
0.47	-0.6925331940540946	-0.34097512053712337	0.005872319503727796	-0.005158587821123495
0.48	-0.6878054397304942	-0.3190059250003142	0.007754609424478032	-0.007093155238804383
0.49	-0.6813414914691415	-0.29753583630909064	0.01018993314927863	-0.009682800146297577
0.5	-0.6731025223137743	-0.27673697418276144	0.013328852816962167	-0.013128177634495752
0.51	-0.6630387696055089	-0.25680345468833	0.017360687536801866	-0.017685719825459578
0.52	-0.6510954545468768	-0.23796932492141876	0.022523240611404427	-0.02368178860315656
0.53	-0.6372079467554135	-0.22051077362770835	0.02911498297270798	-0.031530116913473544
0.54	-0.6212878978269236	-0.20476305401652753	0.037510353582319245	-0.04175327703527523
0.55	-0.6032367999402836	-0.19111583599872947	0.048178960085171973	-0.05500898851711536
0.56	-0.5829191424627513	-0.18005505155019177	0.06170977747391926	-0.07212235368477168
0.57	-0.5601549012523317	-0.17218446946388488	0.07884165216497607	-0.09412519737645902
0.58	-0.5347135548243687	-0.16823191227694775	0.10050174073440865	-0.12230392425409495
0.59	-0.5062939423018424	-0.16909921175075765	0.1278541981573793	-0.15825769476035356
0.6	-0.47449053332871416	-0.17590082408197544	0.16236177677764596	-0.2039688792931385
0.61	-0.4387759503591748	-0.1900249709349056	0.205863925032314	-0.2618881584996495
0.62	-0.39845004104775256	-0.21318993381872936	0.2606760198922126	-0.33503701000413355
0.63	-0.3525916259490428	-0.24753634476955028	0.32971555368555483	-0.42713064140905865
0.64	-0.29998494103283063	-0.29573070779545424	0.4166628099842005	-0.542725126132866
0.65	-0.23902893798322408	-0.3610784251308651	0.5261657492315669	-0.6873921102990925
0.66	-0.16761996882248376	-0.4477142074248621	0.6641020151363608	-0.8679265358758839
0.67	-0.08298102720055517	-0.5607743689900501	0.8379134806828783	-1.0925900173522265
0.68	0.018541696388518603	-0.7066322994610925	1.0570349110801849	-1.371395210464069
0.69	0.14175177661353588	-0.8932334311195678	1.3334439975376842	-1.7164360681566382
0.7	0.292983780460844	-1.1304247972932981	1.6823666957959293	-2.142262244415215
0.71	0.48057469555783994	-1.4304206455519188	2.1231852311245154	-2.666301133658008
0.72	0.7155358891949755	-1.808349423565571	2.6806039605044982	-3.3093200053668546
0.73	1.0123885169895193	-2.2829173580380595	3.386155239036177	-4.095914459584069
0.74	1.3903239766683497	-2.87720830729218	4.280137721815578	-5.054996574147314
0.75	1.8747380190173524	-3.6196470589410854	5.414119585739143	-6.220234869247195