0.	-0.36566791813328337	0.1476249402780354	0.	0.
0.01	-0.3587056683369667	0.1517016013973489	-2.842170943040401e-14	2.8421709430404007e-13
0.02	-0.35145335294786406	0.1557062716923383	-7.105427357601002e-15	-1.1368683772161603e-13
0.03	-0.34389321622459335	0.15962465387849534	-2.842170943040401e-14	-5.684341886080802e-14
0.04	-0.3360139260669257	0.16344219348832212	-1.1013412404281553e-13	-1.7053025658242404e-13
0.05	-0.3278167123065927	0.16715980506910455	1.0658141036401503e-14	-5.684341886080802e-14
0.06	-0.31929758786004214	0.170758653656776	5.3290705182007514e-14	2.8421709430404007e-13
0.07	-0.3104551595224052	0.1742332732484897	1.4210854715202004e-14	5.684341886080802e-14
0.08	-0.30127773259937385	0.17757672234571942	-7.105427357601002e-15	0.
0.09	-0.29176240337726256	0.18078005497906702	-6.110667527536862e-13	6.252776074688882e-13
0.1	-0.28190733592090567	0.18382749921499908	-2.6005864128819667e-12	2.2453150450019166e-12
0.11	-0.2717132461604166	0.18671284454813986	-8.668621376273222e-12	8.952838470577262e-12
0.12	-0.26117060018842153	0.189426736400776	-2.616218353068689e-11	3.1320723792305216e-11
0.13	-0.25028153767334516	0.19195522484235994	-6.849631972727366e-11	9.99591520667309e-11
0.14	-0.23903975250644294	0.19429034736486983	-1.6120793588925153e-10	2.9044144866929855e-10
0.15	-0.22744703617654238	0.1964188450769484	-3.4137315196858253e-10	7.734684004390147e-10
0.16	-0.21550237890420476	0.19833410395358442	-6.523350748466328e-10	1.9159926978318254e-9
0.17	-0.20319984615528597	0.20001698093898312	-1.105121327782399e-9	4.443819534571958e-9
0.18	-0.19054060669014916	0.2014633064936504	-1.5976695522113005e-9	9.735799721966032e-9
0.19	-0.17752364895653727	0.2026563838930855	-1.723634568406851e-9	2.027192635978281e-8
0.2	-0.16415086484201424	0.20358679217552833	-4.072262527188286e-10	4.033613265619351e-8
0.21	-0.15041816148081466	0.20423858271986717	4.754554083774565e-9	7.706417193276138e-8
0.22	-0.13633299559705847	0.2046048575979995	1.8612183794175508e-8	1.419333273133816e-7
0.23	-0.12189079952989346	0.2046688441488982	5.0288178954360774e-8	2.528776406052202e-7
0.24	-0.10709535307842089	0.20442048888362763	1.1603856364672538e-7	4.3716283926187316e-7
0.25	-0.0919506510275312	0.20384579001765246	2.4359096073567343e-7	7.352522573000897e-7
0.26	-0.07645940388559325	0.20293242947435175	4.785638054727315e-7	1.2058909177881105e-6
0.27	-0.060624835189940995	0.2016687206846015	8.937227846672613e-7	1.93269157477971e-6
0.28	-0.04445132174579669	0.2000388667402575	1.602092581265424e-6	3.032544405812132e-6
0.29	-0.027943464636180693	0.19803063328936332	2.7751650151230933e-6	4.666243135886816e-6
0.3	-0.011110735568024666	0.19563570196810076	4.66781810359862e-6	7.051784443490305e-6
0.31	0.006041833878228431	0.1928363009748857	7.65193695428934e-6	0.000010480903384291196
0.32	0.02350674616573656	0.18962302124883834	0.000012261240584621191	0.000015339540574643706
0.33	0.0412745685295306	0.18598221728328568	0.000019250391090963603	0.000022133155276549132
0.34	0.059334353887138036	0.18190227099700174	0.000029672212789932928	0.000031518021973653276
0.35	0.07767706386125894	0.17737061922990094	0.000044977730169648567	0.00004434009377440873
0.36	0.09628951225832338	0.17237720184119532	0.00006714483963321527	0.00006168344527424097
0.37	0.11515945550084439	0.16690972389046266	0.00009884277235983063	0.00008493119768004931
0.38	0.13427296520458754	0.1609582718892817	0.00014364117484433336	0.00011584265129060967
0.39	0.15361391839279293	0.1545125533642957	0.0002062747166604595	0.00015665187360669464
0.4	0.1731664176873835	0.14756141199169548	0.00029297676771022907	0.00021019493164686764
0.41	0.19291317504114147	0.14009885487959828	0.00041189878999148277	0.0002800751387743716
0.42	0.21283526333081682	0.13211391902660807	0.0005736366200466136	0.00037088003517471435
0.43	0.2329128267828935	0.12359976334564671	0.0007918892579681369	0.0004884668409044224
0.44	0.2531254912215246	0.11455000361770118	0.0010842831482875681	0.0006403412595048508
0.45	0.27345147878038745	0.10495897252061503	0.001473403308850152	0.000836160942755626
0.46	0.29386737435628163	0.09482047211253963	0.0019880828820646457	0.00108840656041842
0.47	0.3143492056521495	0.08413174866980277	0.002665016433979872	0.0014132768740235946
0.48	0.33487264647008885	0.07289192804971023	0.0035507816957505156	0.0018318843011897457
0.49	0.35541217875822895	0.06109954882534652	0.0047043771830033165	0.0023718498779352615
0.5	0.37594168532432093	0.048758406406939514	0.0062004084355749	0.003069428250338291
0.51	0.3964346402060812	0.03587464824949649	0.00813310512413068	0.003972337858062502
0.52	0.4168641645229414	0.022460222739816516	0.01062138796694967	0.005143519583576506
0.53	0.4372043243360011	0.008533085606291735	0.013815285858491677	0.006666126182494736
0.54	0.45742936424966985	-0.005877839581341249	0.01790407193530541	0.008650123790928888
0.55	0.4775158433616795	-0.020730340651837764	0.023126620754695182	0.01124101768659358
0.56	0.4974428679022793	-0.03596338707389535	0.029784626882381815	0.014631357440890724
0.57	0.5171944751355042	-0.05148743868175387	0.03825950563218328	0.019075891361179487
0.58	0.536762686888693	-0.06717625067264521	0.04903410369801975	0.024911479691944294
0.59	0.5561514629727782	-0.0828497565097237	0.06272061711310783	0.032583229089919286
0.6	0.575382426390668	-0.09825502549014331	0.08009665907975716	0.04267875046447145
0.61	0.594505387916314	-0.11303905915503876	0.10215193210603246	0.05597302991339248
0.62	0.6136092334509584	-0.12670973982539024	0.13014882694843521	0.07348705877053519
0.63	0.6328440204381351	-0.13858642521758213	0.16570135228566585	0.09656459427728237
0.64	0.6524469693002999	-0.14773062635637402	0.21087819201661517	0.1269723107979246
0.65	0.6727830499127663	-0.1528548672248391	0.2683377797117288	0.16703070468308212
0.66	0.6944039536074627	-0.15219878804751374	0.3415057155961705	0.2197851344402615
0.67	0.71812961648547	-0.14336242354684003	0.43480863813488213	0.2892291557280444
0.68	0.7451675009256888	-0.12308483853049523	0.55398364726355	0.3805966582168807
0.69	0.7772816055080654	-0.08694708688580022	0.7064888571460131	0.5007440438093198
0.7	0.8170324399180018	-0.02897235855446212	0.9020500557324667	0.6586507069282064
0.71	0.8681203220218379	0.05890655690596702	1.1533922555655707	0.8660756683171833
0.72	0.9358726387002534	0.18756422040090825	1.4772209351005614	1.1384201098930227
0.73	1.027938599986193	0.37164319250193145	1.8955459162008061	1.4958630438085336
0.74	1.1552807872265376	0.6308468090417279	2.4374752104812707	1.9648600618768413
0.75	1.3335916895369735	0.9916823065802731	3.141657424647125	2.5801260624585005