0.	-0.14551409287904704	0.47058734149728565	0.	0.
0.01	-0.1280009580332777	0.4795522848893583	3.375077994860476e-14	-1.7763568394002505e-14
0.02	-0.11009940936412299	0.4880203112847461	-1.9539925233402755e-14	-7.460698725481052e-14
0.03	-0.09182676318967609	0.49596450738746967	-1.9539925233402755e-14	-8.526512829121202e-14
0.04	-0.07320191438499535	0.5033582374569541	4.263256414560601e-14	5.3290705182007514e-14
0.05	-0.05424699825306867	0.5101755205378922	-7.460698725481052e-14	-5.3290705182007514e-14
0.06	-0.03498555031410522	0.5163906992900493	-4.440892098500626e-15	-6.039613253960852e-14
0.07	-0.015441572362442813	0.5219762829992511	8.704148513061227e-14	-1.0658141036401503e-14
0.08	0.004359930477368934	0.5269105786647934	1.509903313490213e-14	3.907985046680551e-14
0.09	0.024390816262626736	0.5311672008488912	-2.078337502098293e-13	-1.5987211554602254e-13
0.1	0.04462222601922505	0.5347219390776701	8.615330671091215e-14	1.7408297026122455e-13
0.11	0.06502507341422081	0.5375520138319843	-7.460698725481052e-14	-7.105427357601002e-15
0.12	0.08556501524165938	0.539632609712811	7.904787935331115e-14	-1.6342482922482304e-13
0.13	0.10621009099665368	0.5409422952119556	9.50350909079134e-14	-1.7053025658242404e-13
0.14	0.12692557598132304	0.5414594811450328	-2.1671553440683056e-13	-4.476419235288631e-13
0.15	0.14767528224262705	0.5411633753884679	5.329070518200751e-15	-1.1013412404281553e-13
0.16	0.16842098265623306	0.5400347972726713	1.2256862191861728e-13	8.881784197001252e-14
0.17	0.18912495909330396	0.538053244736588	9.592326932761353e-14	-1.9184653865522705e-13
0.18	0.20974610712939068	0.5352015476377225	-2.948752353404416e-13	-5.009326287108706e-13
0.19	0.23024265180091064	0.5314628158385801	-1.6768808563938364e-12	-1.7319479184152442e-12
0.2	0.2505702788059523	0.5268206102722353	-3.177902385687048e-12	-4.236611061969597e-12
0.21	0.2706870169327775	0.5212618444119439	-8.002487561498128e-12	-1.0174971976084635e-11
0.22	0.29054592604086515	0.5147725383255981	-1.942268568200234e-11	-2.1271873151818e-11
0.23	0.310100105130358	0.5073408228631191	-4.4776626850762113e-11	-4.5078607513460156e-11
0.24	0.32930148795121283	0.49895625290012013	-9.852740845417429e-11	-9.032241621298454e-11
0.25	0.34810201189007905	0.4896099280206059	-2.091997686193281e-10	-1.759055123784492e-10
0.26	0.3664491677162438	0.47929444071229454	-4.2941117328609835e-10	-3.319939878565492e-10
0.27	0.38429288918677607	0.46800451420951994	-8.535803175391266e-10	-6.094378335319561e-10
0.28	0.4015811501225439	0.4557354060825922	-1.6513883593916034e-9	-1.0890879309499724e-9
0.29	0.4182609734342506	0.44248538775053525	-3.1122588950438512e-9	-1.897417334362217e-9
0.3	0.43427869858240165	0.4282542024822078	-5.72764946582538e-9	-3.229473577448516e-9
0.31	0.4495800299531503	0.4130435744250569	-1.030883289843132e-8	-5.37797539834628e-9
0.32	0.4641101421891811	0.3968575882081833	-1.8173937021970232e-8	-8.773456627864107e-9
0.33	0.4778138618947718	0.3797014761060815	-3.142965177005408e-8	-1.4036035445030848e-8
0.34	0.49063568158061166	0.3615836780008763	-5.3382402498414194e-8	-2.2045843373064145e-8
0.35	0.502519992139316	0.3425145889426773	-8.915164428913158e-8	-3.402892723158857e-8
0.36	0.5134112096120305	0.3225069749186922	-1.465477676987348e-7	-5.166461392036581e-8
0.37	0.5232530506938211	0.30157618997116664	-2.3733356435684527e-7	-7.722054018444169e-8
0.38	0.5319923557319992	0.2797397219250257	-3.7900603899743146e-7	-1.1371375041591136e-7
0.39	0.5395738900122709	0.25701832305872774	-5.972828969191823e-7	-1.6510933598112842e-7
0.4	0.545943729210471	0.2334345850664512	-9.29556927431463e-7	-2.3656106495906215e-7
0.41	0.5510494318156098	0.20901464408199555	-1.4296229657873027e-6	-3.3471394988993097e-7
0.42	0.5548402764980516	0.18378678438835738	-2.174105405927662e-6	-4.6809042508755283e-7
0.43	0.5572653551805207	0.15778368529301812	-3.2711163751031336e-6	-6.476175800074202e-7
0.44	0.5582774469850538	0.13103962264892477	-4.871812752327287e-6	-8.873614003590546e-7
0.45	0.5578309497357044	0.10359249601090026	-7.185707488588378e-6	-1.2056386995418222e-6
0.46	0.5558828567548808	0.07548342204922998	-0.000010500760737386372	-1.6267171232264843e-6
0.47	0.5523931673700968	0.04675681052118019	-0.000015209565180640539	-2.1835108308110307e-6
0.48	0.5473253464289538	0.017460443896331057	-0.000021843161102097497	-2.9218962627197698e-6
0.49	0.5406468251225256	-0.012354454057430964	-0.00003111435860070344	-3.907640242051258e-6
0.5	0.5323297814382837	-0.04263310739667814	-0.00004397275854550742	-5.237470491081808e-6
0.51	0.522350871595954	-0.07331736102236963	-0.00006167401648582427	-7.056699550478385e-6
0.52	0.5106932995052258	-0.10434531476552245	-0.00008586619985173627	-9.586955625806581e-6
0.53	0.4973466981630459	-0.13565157746909629	-0.00011869636659511684	-0.000013169524536227328
0.54	0.48230827404746	-0.1671672451072692	-0.0001629406038592407	-0.000018332370679274845
0.55	0.46558385086867027	-0.19882001695926776	-0.00022216066953895108	-0.000025892908142033377
0.56	0.4471892426356643	-0.23053430505458472	-0.0003008898694591977	-0.000037114220629241856
0.57	0.42715100436453124	-0.2622318604788245	-0.0004048495591559842	-0.00005394079384180017
0.58	0.4055090463425959	-0.2938317210357435	-0.0005411958964014474	-0.00007935140503523286
0.59	0.3823180627473928	-0.32525136193672566	-0.0007187923969560472	-0.00011788438048432326
0.6	0.35764929322611483	-0.3564068706759045	-0.0009484987824492919	-0.000176414571424921
0.61	0.3315942293467149	-0.38721517371325387	-0.0012434575089370625	-0.0002652968279619472
0.62	0.304267064838017	-0.41759510052328386	-0.0016193467471925516	-0.00040004122340508985
0.63	0.27580860976426713	-0.4474698414514884	-0.002094549247284583	-0.0006037576057695837
0.64	0.24639056626494593	-0.4767695333930573	-0.0026901598059749787	-0.0009107108357544469
0.65	0.2162211405201644	-0.5054371212715592	-0.0034297106114280496	-0.0013714755216502894
0.66	0.1855501601265166	-0.5334307354932615	-0.004338450073289479	-0.002060396250940233
0.67	0.1546762497951475	-0.5607322156291445	-0.00544191541723027	-0.003086360306006508
0.68	0.12395391144680268	-0.5873550160078373	-0.00676345114586141	-0.004608338381708599
0.69	0.09380092893550884	-0.6133545617848126	-0.008320171756394323	-0.006857785626710466
0.7	0.06470487131270453	-0.638841109799952	-0.010116674196336106	-0.010170924118372948
0.71	0.037228824174502684	-0.6639926695201903	-0.01213558496320033	-0.015035283014395606
0.72	0.012009205334960527	-0.6890740249734444	-0.014323617100269637	-0.022156840905583675
0.73	-0.010252594238639112	-0.7144500414498705	-0.016571567377092755	-0.032557035433775194
0.74	-0.02881811543862156	-0.7405995260091158	-0.018686093298891926	-0.04771319056702561
0.75	-0.04296989163217724	-0.768118101777771	-0.02035075047968693	-0.06976230900970615
0.76	-0.052122406269228705	-0.7976999147226889	-0.021073435738740542	-0.10179775558683302
0.77	-0.056022467750154625	-0.8300767686092962	-0.020117541388205318	-0.14830281791426358
0.78	-0.05510000901674594	-0.8658771923439108	-0.016415386873146254	-0.21578715980554275
0.79	-0.051068469491721835	-0.9053376838035065	-0.008466254733022538	-0.3137260198161895
0.8	-0.04794760142036392	-0.9477516048450201	0.0057698053330392796	-0.4559546783943058
0.81	-0.053790011798561466	-0.9904481669136631	0.028952575454319174	-0.6627536396621929
0.82	-0.08359131109211937	-1.0269282423859964	0.06434377875183017	-0.9639907649021646
0.83	-0.16422879840958338	-1.043518860285614	0.11554121357307956	-1.4039016089367635
0.84	-0.3428601101346622	-1.01333478819034	0.18563885461299456	-2.0484353369599457
0.85	-0.7013719480762948	-0.8853803286743611	0.2751511761736918	-2.996680043244786
0.86	-1.3815145269995277	-0.5646814661273254	0.37732873869417816	-4.398871147692219
0.87	-2.6293196480216885	0.12440745501966965	0.4680144777059603	-6.485218565484294
0.88	-4.875094559176155	1.5072071814677592	0.4840272003334469	-9.612863452513384
0.89	-8.880879300495195	4.19150506970788	0.2770982302436096	-14.343927661922542
0.9	-16.02000825930186	9.33058230430128	-0.48546529022760865	-21.578265011831
0.91	-28.825643696332094	19.163207645880888	-2.5399640402579635	-32.785391983616435
0.92	-52.11321491507269	38.172442586377855	-7.526590506985144	-50.42242462586077
0.93	-95.40019306917401	75.71440717327988	-19.18609054004901	-78.7145949478375
0.94	-178.47931224769138	152.4160401787509	-46.407353310276704	-125.17447713579372
0.95	-345.4051904238271	317.2394021825587	-111.67544137308747	-203.69644817382868