0.	0.34256202713007866	-0.1340090698703058	0.	0.
0.01	0.3449593539151482	-0.1309815713864566	8.992806499463768e-14	8.455458555545192e-13
0.02	0.3471678469716194	-0.12792331264856927	1.1659562204613394e-12	4.725109192804666e-13
0.03	0.34919914730651147	-0.12484558607985363	-2.0479173912235638e-12	2.1458390619955026e-12
0.04	0.3510642548040368	-0.12175805206657131	-6.743494651573201e-13	4.401812248033821e-12
0.05	0.3527653033199729	-0.11866566710783388	-3.3004710076056654e-12	1.7195134205394424e-12
0.06	0.35430455911622705	-0.11557323887477722	-2.2732926652224705e-12	2.9451996397256153e-12
0.07	0.3556844264417296	-0.11248549206276337	7.283063041541027e-13	-4.220623850414995e-12
0.08	0.3569077040151143	-0.1094071847331115	-4.384936858059518e-12	4.1175951537297806e-12
0.09	0.3579764689403051	-0.10634240323082622	1.7292833831561438e-12	4.241940132487798e-12
0.1	0.35889358247498926	-0.10329554607457325	5.4365401069844665e-12	7.361222742474638e-12
0.11	0.3596622121350226	-0.10027104459347314	-1.3321788117082178e-11	5.4782844927103724e-12
0.12	0.3602851409730281	-0.0972728432199439	-5.860201213181426e-12	1.2661871551244985e-11
0.13	0.36076540771334287	-0.09430486576496122	7.16138259804211e-12	-1.0516032489249483e-12
0.14	0.3611061442177128	-0.09137090685103999	1.5862866575844237e-12	5.31841237716435e-12
0.15	0.361309552221897	-0.08847529144715693	-1.794120407794253e-13	6.448175327022909e-12
0.16	0.36138176507545694	-0.08561940835724613	5.009326287108706e-13	1.829647544582258e-12
0.17	0.361323426422123	-0.08280881251517869	-1.538147387236677e-11	9.521272659185342e-13
0.18	0.3611387951159486	-0.0800459534227862	-7.778666599733697e-12	1.956479422915436e-11
0.19	0.36083136048746667	-0.07733392133535588	-1.1338485705891799e-11	7.361222742474638e-12
0.2	0.3604046408705113	-0.074675640073254	-3.128164394183841e-12	2.0605739337042905e-12
0.21	0.3598622096145814	-0.07207389037428058	3.1441516057384433e-13	6.7981176243847585e-12
0.22	0.3592076897349994	-0.06953131464317863	-4.984457291357103e-12	5.778488798569015e-12
0.23	0.3584447214793087	-0.0670503934023241	-6.005862474012247e-12	1.580957587066223e-11
0.24	0.35757697686529966	-0.06463346253450553	-1.6141754599630076e-11	1.9687362851072976e-11
0.25	0.3566081666837224	-0.06228272175570737	-2.3598900611432327e-11	4.781774975981534e-11
0.26	0.35554234255579686	-0.06000031790776994	-4.2799541688509635e-11	9.396394773375505e-11
0.27	0.3543825907812508	-0.05778796799590502	-6.349942793804075e-11	1.8145662750157499e-10
0.28	0.35313284432973724	-0.055647385164469654	-1.2114220737657888e-10	3.325570929746391e-10
0.29	0.3517970885317361	-0.053580428084593734	-2.233591089861875e-10	5.92994098269628e-10
0.3	0.3503781221082569	-0.051589326228356214	-3.9192116219055606e-10	1.0423590879327094e-9
0.31	0.3488819910067118	-0.049672789035399845	-6.902425297994341e-10	1.7798083007392052e-9
0.32	0.34731026041873747	-0.04783463624714557	-1.2145893180104395e-9	2.9539535262301797e-9
0.33	0.34566729815238517	-0.04607504680534902	-2.102542140391961e-9	4.859053603922803e-9
0.34	0.3439567749254451	-0.04439493419803853	-3.5316389812578564e-9	7.827017256545332e-9
0.35	0.3421823314981758	-0.042795084448480125	-5.871340746921305e-9	1.2408422733756197e-8
0.36	0.34034759452157104	-0.04127615843140209	-9.582977966715589e-9	1.93148137483945e-8
0.37	0.33845611854360236	-0.03983867861985235	-1.5404769015958664e-8	2.9643864252193453e-8
0.38	0.33651175306020953	-0.03848310848626468	-2.4399970044441943e-8	4.48285550902483e-8
0.39	0.3345173011480007	-0.03720948063642915	-3.808633053381527e-8	6.685277043061433e-8
0.4	0.33247664822124534	-0.03601828419128328	-5.867357444344634e-8	9.840474213262951e-8
0.41	0.33039229284629457	-0.03491030937660877	-8.92092728577154e-8	1.4305703111006096e-7
0.42	0.3282697224852402	-0.03388287662895717	-1.339605066874583e-7	2.0552202251167273e-7
0.43	0.32611021093184966	-0.03293842306688788	-1.987874220787944e-7	2.919738184559151e-7
0.44	0.3239175361459843	-0.03207581410588123	-2.916136576658346e-7	4.103405562005946e-7
0.45	0.32169481932352717	-0.03129468053291529	-4.2314481341065857e-7	5.708038148810601e-7
0.46	0.31944503290113957	-0.030594410150242002	-6.0755542463653e-7	7.86246203698937e-7
0.47	0.3171712676454881	-0.02997472729741313	-8.635822368319168e-7	1.0729223549610367e-6
0.48	0.31487666159813976	-0.029434945931553713	-1.2156806636909323e-6	1.4510491155306227e-6
0.49	0.31256262322307293	-0.028975046147096783	-1.6954688319970046e-6	1.945668003155987e-6
0.5	0.3102342763816104	-0.028591840306483096	-2.3435475338118295e-6	2.5875446278966763e-6
0.51	0.30789237056213814	-0.02828691948784834	-3.211577277895117e-6	3.414213140429112e-6
0.52	0.30554000082609	-0.02805841838011669	-4.3648070064961075e-6	4.471168171038542e-6
0.53	0.3031797369262481	-0.02790565891889707	-5.884969574765364e-6	5.813258120990206e-6
0.54	0.3008139252955928	-0.027827504336794373	-7.87376726840705e-6	7.5062055645558345e-6
0.55	0.298445219895104	-0.02782300268112367	-0.000010456793310353873	9.628402005773529e-6
0.56	0.2960744337657779	-0.02789169846262085	-0.000013788073582432503	0.000012272878716662605
0.57	0.2937063365917023	-0.028030091912405575	-0.000018055302659192307	0.00001554970371120401
0.58	0.2913410807664931	-0.02823966174655035	-0.000023485687115964993	0.000019588534387215972
0.59	0.28898134937224995	-0.02851839989802807	-0.000030352471895866984	0.00002454176704258515
0.6	0.28662927078501355	-0.02886519049094516	-0.00003898237873833921	0.000030588105375928265
0.61	0.28428631977547525	-0.02927959816576231	-0.00004976366547815303	0.00003793675272079078
0.62	0.28195643137562065	-0.029758516544652336	-0.00006315497139475212	0.00004683247775894017
0.63	0.2796399333711026	-0.030302927454429085	-0.00007969516871142446	0.00005756139726598164
0.64	0.2773397028724265	-0.03091096288449391	-0.00010001367799539196	0.00007045828018314992
0.65	0.2750581023301688	-0.03158189502081221	-0.00012484181658400928	0.00008591503604771233
0.66	0.2727969802511012	-0.03231540672964117	-0.00015502472905559728	0.00010439114430482732
0.67	0.27056132784671405	-0.033108279030343635	-0.00019153383939496393	0.000126426499735377
0.68	0.26835199646326835	-0.03396187917520299	-0.0002354803437825126	0.00015265655364427033
0.69	0.2661732359493918	-0.03487458372921548	-0.00028812847164161326	0.00018383150201728427
0.7	0.2640280854813888	-0.0358460760116488	-0.0003509097135996342	0.0002208390882554312
0.71	0.2619237650352009	-0.03687380751430247	-0.0004254364343321271	0.0002647331935046182
0.72	0.25986290361480613	-0.03795836118314355	-0.0005135170160777136	0.0003167673600978915
0.73	0.25785152295873637	-0.03909901734604837	-0.0006171690603355984	0.0003784370431647588
0.74	0.25589957022407894	-0.040292833693964525	-0.0007386324883835726	0.00045153069586856276
0.75	0.2540115993704095	-0.041540110114554274	-0.0008803849703049593	0.0005381895726790376
0.76	0.2522015739815515	-0.04283797341591189	-0.0010451501846713285	0.0006409837811238717
0.77	0.2504777933940421	-0.044185155891169	-0.001235914108573155	0.0007629993121422984
0.78	0.24885372982920906	-0.0455789021943076	-0.0014559317763271906	0.0009079457217469056
0.79	0.24734827322195763	-0.04701499305801082	-0.0017087345963489042	0.0010802849192126374
0.8	0.24597567591637137	-0.048490022013010226	-0.001998145109725513	0.0012853798035461494
0.81	0.2447606018976778	-0.0499975474919534	-0.0023282727590636654	0.0015296787702752113
0.82	0.24372820924068428	-0.051531143385316724	-0.0027035241622019868	0.0018209260301595975
0.83	0.2429040407749774	-0.05308138501198201	-0.0031286123208325023	0.002168414142135866
0.84	0.24232526319300973	-0.05463759102192167	-0.0036085404754864214	0.002583279444334785
0.85	0.24203062998553904	-0.05618562962946427	-0.004148618618680544	0.00307884922868773
0.86	0.24206136636244224	-0.05770737785683444	-0.004754470447256409	0.003671045238331061
0.87	0.2424723423396511	-0.059182037486513295	-0.005432007374897907	0.004378852398190247
0.88	0.24332149935073843	-0.06058279350874152	-0.006187460840585857	0.005224867461757654
0.89	0.24467587098020616	-0.06187743935599599	-0.007027376703131694	0.006235928759105391
0.9	0.246612828011326	-0.06302693083740074	-0.007958621988635173	0.007443844696510382
0.91	0.24921836359661675	-0.06398329272711223	-0.008988422923090766	0.008886233750850181
0.92	0.2525938377897692	-0.06469086883929265	-0.010124357929591099	0.010607473951514734
0.93	0.2568506920319624	-0.06508066317359429	-0.01137443959717821	0.012659821639902091
0.94	0.2621152775064495	-0.0650717699225325	-0.012747155998029669	0.015104648228950524
0.95	0.26853044533009296	-0.06456608653419771	-0.014251550298965299	0.01801389520193375