0.	0.7198615762865277	0.556169555989128	0.	0.
0.01	0.7022058975952796	0.549630889481867	-3.707922857643098e-12	3.678501947490531e-12
0.02	0.6849313561867361	0.5430388325449633	1.9204637879965958e-12	1.4351853039329399e-12
0.03	0.668083106728161	0.5364426549239351	3.913980251013527e-12	-3.7334579872094764e-12
0.04	0.651731580113319	0.5299058320771066	-6.373679362070561e-12	1.1146639167236572e-12
0.05	0.6359123049295514	0.5233560084475802	-4.3298697960381105e-12	-2.2504220709151923e-12
0.06	0.6204522269307639	0.5168715298753285	-5.669908986760674e-13	9.820255719716897e-12
0.07	0.6054416147148297	0.5104031079660116	2.3736568266485847e-13	8.614775559578902e-12
0.08	0.590743845207513	0.5040127253339103	-3.159805750385658e-12	-3.507749646303182e-12
0.09	0.5765167427767397	0.49763716052418794	1.3939072118773765e-11	-9.386935673205699e-13
0.1	0.5627236809104826	0.4912628475279231	1.262767668208653e-12	7.990441641680945e-12
0.11	0.5492015429805589	0.48498972204068785	3.2927105486635355e-11	6.748240855003473e-11
0.12	0.5360748230298972	0.4787331740515731	7.526446132999354e-11	1.929784110288324e-10
0.13	0.5233115539916143	0.4725193430894045	1.5086820681631252e-10	5.759668297855569e-10
0.14	0.5108589400017695	0.4664092353516549	2.867748261081715e-10	1.5234870032188041e-9
0.15	0.4987313350576752	0.4603210804255192	2.883500105355097e-10	3.828708294850713e-9
0.16	0.486943889146648	0.45433561034894215	-2.534867871162305e-10	8.78279476923538e-9
0.17	0.47543131487184576	0.44834582484920404	-2.4285078392694004e-9	1.8865537076973027e-8
0.18	0.46424933153206305	0.4424965732726273	-8.693479880417243e-9	3.820280297661682e-8
0.19	0.45334393691774133	0.4366743817090281	-2.405113219694499e-8	7.337851504196635e-8
0.2	0.4427201814697929	0.4309479489225108	-5.770516176006879e-8	1.3424982764354e-7
0.21	0.43237352137641366	0.42518606148242494	-1.2612678512713416e-7	2.3523320730189923e-7
0.22	0.42224525700222076	0.41963097495126894	-2.569201004720689e-7	3.9590850969828395e-7
0.23	0.4123871642107214	0.41406648374496124	-4.943375903065927e-7	6.42117890747862e-7
0.24	0.4028559541829577	0.4085647128254426	-9.070897395435651e-7	1.0059577214560633e-6
0.25	0.393471521876841	0.40314129786649333	-1.5982128471203616e-6	1.5253203071163846e-6
0.26	0.38427683029559023	0.39781571577002195	-2.7178469055311183e-6	2.2417671916574733e-6
0.27	0.37548608668332584	0.3925423663080572	-4.4792307371532836e-6	3.196674463024074e-6
0.28	0.3667517209059998	0.38729519264683626	-7.178261559104282e-6	4.424705545735819e-6
0.29	0.3583304091677168	0.382094749215906	-0.000011216948782366565	5.9436751606578575e-6
0.3	0.3500753906215082	0.3769610115630711	-0.00001713130428854237	7.740321041060927e-6
0.31	0.3419516715201633	0.3719847036764836	-0.000025623620544201753	9.750643285399985e-6
0.32	0.33410840631314354	0.3670142490274438	-0.00003759965677802013	0.0000118337098418686
0.33	0.3264638392442625	0.36210648949379454	-0.000054210805647603166	0.000013737985340711578
0.34	0.31893365065339047	0.35734283194002053	-0.00007690115259878505	0.000015058731667016989
0.35	0.3116873698007326	0.3525362718892132	-0.00010745976375897692	0.000015184560933523272
0.36	0.3045457596144097	0.347844031332931	-0.0001480782378246448	0.00001323351064902445
0.37	0.29761690909881805	0.3432481339169993	-0.00020141283236241314	7.974619738115862e-6
0.38	0.29081608169872425	0.33869661471640045	-0.00027065217659516527	-2.265084590113986e-6
0.39	0.2841655446323174	0.334259826047514	-0.00035958892550708166	-0.000019709126197142712
0.4	0.27769888226202255	0.32988096551395096	-0.00047269618906536914	-0.00004726036241209375
0.41	0.271402692643648	0.3256061724201808	-0.0006152084689266535	-0.00008864789376850091
0.42	0.26521798858430107	0.321407219522014	-0.0007932060842208988	-0.0001485972183579154
0.43	0.2591906560910924	0.3173827108025701	-0.001013702272025463	-0.00023302369500705078
0.44	0.25328894825131276	0.31344818440689454	-0.001284735398044079	-0.00034925522244422247
0.45	0.24748266664164711	0.3096200875211833	-0.0016154607614956573	-0.0005062794495991896
0.46	0.2418142452312052	0.30604258358480124	-0.0020162436723205612	-0.0007150208755238308
0.47	0.23622714816786086	0.3026078417483768	-0.0024987609841445324	-0.0009886621347496294
0.48	0.23069487448800874	0.29937817245377013	-0.0030760929603697584	-0.0013429865524831053
0.49	0.22522590735474987	0.296408305931507	-0.0037628151964242684	-0.001796768317811781
0.5	0.21977650043584754	0.2936143959625418	-0.004575105086693149	-0.002372212885705438
0.51	0.21427216736739313	0.2912162206235869	-0.005530815349906765	-0.003095406618985941
0.52	0.20883105866371007	0.28925023043501197	-0.0066495604670760156	-0.0039968682234300945
0.53	0.20331386652858993	0.28758083262617473	-0.007952834554991739	-0.005112133651273776
0.54	0.197579560915129	0.2863724243224859	-0.0094640453746552	-0.006482338339025118
0.55	0.1915927759494893	0.285687524318826	-0.011208605229882124	-0.008154945708828909
0.56	0.18541051931006133	0.28555127569519173	-0.013213912714366866	-0.010184518599348658
0.57	0.17877346579506792	0.2859997475270549	-0.01550956416330529	-0.012633490155649962
0.58	0.17158558558129308	0.28722907862558816	-0.01812720302219728	-0.01557305055083441
0.59	0.16387895898993574	0.28915275368571575	-0.021100538291895427	-0.01908424053305191
0.6	0.155362743372137	0.29199051088388295	-0.02446553747804789	-0.023258772158581575
0.61	0.14595314196983167	0.2957564973042959	-0.028260098680481932	-0.02820038680335063
0.62	0.13545657317692059	0.30053525861632835	-0.03252416500549904	-0.03402597295891285
0.63	0.12365620214972894	0.3064373873673588	-0.03729963758448068	-0.040866821035946355
0.64	0.1102062946157657	0.31351366322150803	-0.04263030484928085	-0.04887021594016372
0.65	0.09502114100736393	0.32192700650334005	-0.048561122103915375	-0.05820070195919819
0.66	0.0777675276075384	0.331662805585773	-0.05513885281390822	-0.06904209313800491
0.67	0.05794078504033021	0.3429784891798694	-0.062411447477310526	-0.0815985382964255
0.68	0.035397733747875006	0.3558452078094451	-0.07042698944492229	-0.09609732397246107
0.69	0.009510575596676028	0.3703088199698949	-0.07923501846659348	-0.11279027506835337
0.7	-0.02007181145220674	0.3865774116751171	-0.0888842013713299	-0.13195544320789848
0.71	-0.0537887176797299	0.4045780546780376	-0.09942221386763081	-0.15390071970398617
0.72	-0.09233863798931496	0.42447341690384405	-0.11089728304200956	-0.17896464625608693
0.73	-0.1361498462144392	0.4462872777926145	-0.12335321239351604	-0.2075198850894075
0.74	-0.1861380041012617	0.47003477917216185	-0.13683393705664304	-0.23997617851296216
0.75	-0.24284129488033554	0.49564025210527546	-0.1513769483765967	-0.2767827087679197