0.	-1.1594902622715515	-2.318817166511116	0.	0.
0.01	-1.1257909665311319	-2.3023031056583423	-2.9531932455029164e-13	-2.0383694732117874e-13
0.02	-1.0927732202596707	-2.283732487287974	2.446931546273845e-13	2.473576898864849e-13
0.03	-1.0605038317829119	-2.263190076301411	8.177902799388903e-13	-1.4339640586058522e-12
0.04	-1.0290436321229222	-2.240761974836107	-1.106892355551281e-12	4.0101255649460654e-13
0.05	-0.9984458153474502	-2.216535994996717	-5.830891325331322e-13	-9.86322135076989e-13
0.06	-0.9687554848725136	-2.1906006641290516	1.582067810090848e-12	-1.2603251775544777e-12
0.07	-0.9400145532906032	-2.163044361794886	-2.1944668304740844e-12	-1.9104717807749694e-12
0.08	-0.9122590610145073	-2.133957568846015	-2.1836976671352204e-12	5.075939668586216e-13
0.09	-0.8855185002341103	-2.1034280683201882	-2.5895952049381776e-12	-2.8985702726913587e-12
0.1	-0.8598170141512441	-2.0715435793810517	8.61422044806659e-13	-4.6629367034256575e-14
0.11	-0.835173296551403	-2.0383906906918754	-1.6094903187990894e-12	-4.496847338941734e-12
0.12	-0.8116006535266626	-2.004054482674224	-1.8456347561368602e-12	-4.094502514817577e-12
0.13	-0.7891067136114387	-1.9686176750664464	7.23199278240827e-13	-2.2470914018413168e-13
0.14	-0.7676965467984207	-1.9321630151786988	4.3010039973978564e-13	-1.4097611966690238e-12
0.15	-0.7473664094702377	-1.894766893477804	1.1310952174881095e-12	-5.570210959149335e-12
0.16	-0.7281108359586417	-1.856507220492589	2.1260770921571748e-12	-1.5707435352396715e-12
0.17	-0.709919400418376	-1.817456210478052	3.995692665625938e-12	1.0309531006669204e-12
0.18	-0.692777533038508	-1.7776834888052786	8.396838779844984e-12	-2.9960478542534474e-12
0.19	-0.6766669226529218	-1.7372551990399892	8.005707208269541e-12	-1.5787371410169726e-13
0.2	-0.6615657693255494	-1.6962336957505642	3.5623726191147398e-12	-3.305578033518941e-12
0.21	-0.6474488089209738	-1.6546767947349919	1.2003287253037342e-11	-8.758327396662935e-12
0.22	-0.6342897075330319	-1.6126400097344953	3.039157814299642e-11	-6.5774052870892774e-12
0.23	-0.6220562783114236	-1.5701726084817296	6.272249386540807e-11	-9.814593582291309e-12
0.24	-0.6107169460539214	-1.5273201916507455	1.3488343775236444e-10	-1.6181944673121507e-11
0.25	-0.6002375421766399	-1.4841237390708513	2.7525137724637716e-10	2.5912605394751154e-13
0.26	-0.5905825583336103	-1.4406196207689312	5.459371843485883e-10	4.595390734607463e-11
0.27	-0.581715429683087	-1.3968394710820007	1.0704387376492264e-9	1.8622081654484646e-10
0.28	-0.5735990275137473	-1.3528102430390339	2.023325063049697e-9	5.157609894723691e-10
0.29	-0.5661965440367818	-1.3085538157708858	3.7033845989853376e-9	1.2363012835692189e-9
0.3	-0.5594697360479886	-1.2640883472332118	6.603942059868473e-9	2.7349289499767337e-9
0.31	-0.5533825725768303	-1.219426454367244	1.145684402903413e-8	5.680488968096142e-9
0.32	-0.547899456160168	-1.174576475267387	1.9414966079267515e-8	1.1270460786860781e-8
0.33	-0.5429861671526857	-1.1295423844839787	3.210513965790085e-8	2.1475607736576308e-8
0.34	-0.5386106299467275	-1.084323471221044	5.190089957807231e-8	3.953997218530958e-8
0.35	-0.5347419352132652	-1.038916443383013	8.21198863354411e-8	7.069903840140057e-8
0.36	-0.5313523358242126	-0.9933122090007701	1.272529408513634e-7	1.2308714059106052e-7
0.37	-0.5284170381402574	-0.9474992893749755	1.932873332499696e-7	2.0922832633107902e-7
0.38	-0.5259142413696871	-0.9014626205264507	2.879249464404765e-7	3.4799386794404086e-7
0.39	-0.5238260703692434	-0.8551839113175427	4.20811804957566e-7	5.673558042262883e-7
0.4	-0.522136438627899	-0.8086432016000277	6.036093724848257e-7	9.080703718966632e-7
0.41	-0.5208376920521859	-0.7618174856632355	8.497882525437817e-7	1.4287287877223775e-6
0.42	-0.5199210558818151	-0.714681686987223	1.1740840664131724e-6	2.212313653937592e-6
0.43	-0.5193856096512202	-0.6672099931554312	1.591307794646113e-6	3.374954769541638e-6
0.44	-0.5192345602348536	-0.619375163591187	2.114218437987425e-6	5.077067264824819e-6
0.45	-0.5194739304335246	-0.5711502905829478	2.7501474714197727e-6	7.537796835377364e-6
0.46	-0.5201185216419189	-0.5225080256416322	3.495839170586379e-6	0.000011053256269821787
0.47	-0.5211831058729958	-0.47342090150059163	4.329833716010256e-6	0.000016019590535432116
0.48	-0.5226906160783811	-0.42386321605504995	5.2016497325002575e-6	0.000022961506173424517
0.49	-0.5246666472841891	-0.37381111039300624	6.016687174037472e-6	0.000032567926908588785
0.5	-0.5271425816260483	-0.323242616705	6.615759266304089e-6	0.000045735363322196854
0.51	-0.530153358957353	-0.2721374171695984	6.747510828519765e-6	0.00006362103231011274
0.52	-0.5337385483725214	-0.22047907903112626	6.032164986402577e-6	0.00008770711297051426
0.53	-0.537939617501219	-0.16825479856572237	3.914026807327886e-6	0.0001198778357654473
0.54	-0.5428045643740643	-0.11545572073716959	-3.9941366025697533e-7	0.0001625117750628513
0.55	-0.5483807437054078	-0.062075846572560656	-8.015443124675947e-6	0.00021859123106857115
0.56	-0.5547188753304636	-0.008115364391236612	-0.00002045440150511002	0.0002918315306502106
0.57	-0.5618717878806718	0.04642093777694736	-0.00003977296647528217	0.00038683271189146606
0.58	-0.5698933057727237	0.10152555654325085	-0.0000687169631913287	0.0005092566952805411
0.59	-0.5788359676964655	0.15718314006439216	-0.00011091043461164407	0.0006660329609927407
0.6	-0.5887533320460907	0.2133747820597027	-0.00017108674765897725	0.0008655965180985048
0.61	-0.5996961713366317	0.2700785367539983	-0.00025536987173835346	0.001118161173281007
0.62	-0.6117133477405794	0.3272660461822455	-0.00037161536209950885	0.0014360328323768656
0.63	-0.6248507526858128	0.38490625439513726	-0.0005298200191750091	0.0018339662047139327
0.64	-0.6391489194433795	0.4429671130625708	-0.0007426117964409729	0.0023295688059098985
0.65	-0.6546439062084392	0.5014120700189685	-0.001025834950688198	0.0029437585716973746
0.66	-0.6713648160152116	0.5602075005698384	-0.0013992407487751768	0.0037012759665436823
0.67	-0.6893336032744162	0.619318916162686	-0.0018873058163764167	0.0046312593770372334
0.68	-0.7085648823870423	0.6787152856777352	-0.0025201897705153797	0.005767884725278005
0.69	-0.7290626893980419	0.7383733185513099	-0.0033348588665680357	0.007151073642292394
0.7	-0.750821898642397	0.798276019552732	-0.004376394215282464	0.008827278925173654
0.71	-0.7738269702378244	0.8584200624310565	-0.005699507916309021	0.010850343126408646
0.72	-0.7980525600142606	0.9188151791389884	-0.007370300655310191	0.013282443101764962
0.73	-0.8234591658874548	0.9794927415242873	-0.00946828707695302	0.01619511160442033
0.74	-0.8499994255250138	1.0405089677128383	-0.012088715602880606	0.01967034809961543
0.75	-0.8776129548460853	1.1019469989606698	-0.015345236820473507	0.02380182155730637
0.76	-0.9062302396350979	1.1639292347599377	-0.019372933300859763	0.02869614282354438
0.77	-0.9357716016607089	1.2266200071630964	-0.024331776328678667	0.034474236610091635
0.78	-0.966153029533934	1.290231949756619	-0.03041054068468263	0.04127279613468815
0.79	-0.9972814532801525	1.3550392394474646	-0.03783124204035315	0.04924579562083964
0.8	-1.029064253694455	1.4213843008529996	-0.04685411813221885	0.0585660855814254
0.81	-1.061410083185185	1.4896872828440655	-0.05778324380508426	0.06942704775184794
0.82	-1.094232941746884	1.5604586658665434	-0.07097282073493516	0.0820442862779196
0.83	-1.1274598737161492	1.6343116922025362	-0.08683420565930633	0.09665735578371093
0.84	-1.1610368289543782	1.711975469039229	-0.10584375015238301	0.11353151116100202
0.85	-1.1949356316669542	1.794310555489257	-0.12855148153377116	0.13295937421486848
0.86	-1.2291653925693151	1.8823239822084565	-0.15559079767371697	0.1552627048118913
0.87	-1.2637851855464874	1.977187310218476	-0.1876890766382282	0.18079393092489005
0.88	-1.298910911259905	2.080255021072438	-0.22567949508879526	0.20993770177590543
0.89	-1.3347363927435194	2.193084566678708	-0.2705139061939019	0.2431121800369327
0.9	-1.3715499723662004	2.317457734661483	-0.32327701340716386	0.2807702722700727
0.91	-1.4097500716056701	2.4554058211075587	-0.38520192140956233	0.32340041152841437
0.92	-1.4498714707240457	2.6092304083127162	-0.4576869732831482	0.37152721742211625
0.93	-1.4926092863809988	2.7815315391126454	-0.5423141111883726	0.42571175817964146
0.94	-1.5388466510468648	2.97523548229716	-0.6408688555759887	0.48655120272638186
0.95	-1.589685952556846	3.193622178158556	-0.7553618031976554	0.5546781728213839