0.	-0.4154403710046828	3.4391840134558187	0.	0.
0.01	-0.3603905837066419	3.4579544119104657	-1.4052004004838636e-10	4.757971794333571e-11
0.02	-0.3061793610821444	3.473239953404997	-2.8054714107383916e-10	3.75877107217093e-12
0.03	-0.25293716383703835	3.485029080179382	-7.591540729379176e-10	-2.920419461815982e-10
0.04	-0.2007959702644816	3.49331320244292	-6.376904559957097e-10	1.4661694081041787e-10
0.05	-0.14989020492093963	3.498087518285873	1.8955093050720961e-10	-1.008370276167625e-9
0.06	-0.1003538190364398	3.4993493245638483	-3.2889546641712286e-10	2.0979484816052718e-10
0.07	-0.05232472973021007	3.49710059089775	-4.972296463456871e-10	-2.460343040411317e-10
0.08	-0.005941714807410348	3.491345764677563	-1.3832196499308225e-10	-2.0660380073422857e-9
0.09	0.03865373550676193	3.4820939141069953	-3.757956168470855e-10	-4.682672027911394e-10
0.1	0.0813190966488605	3.4693563171180575	8.899117553973213e-10	2.69562150378988e-10
0.11	0.12190948534765883	3.4531480288325334	9.86009107695196e-10	1.5336247827235638e-9
0.12	0.1602774999904477	3.4334882605628607	1.4253864755175982e-9	-2.802309495564259e-10
0.13	0.19627478317730418	3.4103973798544764	1.792269221922993e-9	-6.55287379913716e-10
0.14	0.22974932806373705	3.383901472913305	-4.0492842412476193e-10	6.322764534161252e-10
0.15	0.2605471902510974	3.3540288465347583	-1.8975556681510852e-9	-2.9480951013738377e-10
0.16	0.2885115299395866	3.320812709413188	-1.1191834126123013e-9	1.5789982654723644e-9
0.17	0.31348299032268057	3.284288337497225	-3.6806691028345995e-10	-1.7734222979015613e-9
0.18	0.3352991402379706	3.244495046592398	-3.106043200418185e-9	-1.5430092759061154e-9
0.19	0.353794475304134	3.2014765297446335	4.026894373510004e-10	-4.1114311954970617e-10
0.2	0.36879980698295656	3.155277590860887	-4.338878145659919e-9	-2.768047124845907e-9
0.21	0.3801425389413198	3.1059492391218217	-1.4126890768295652e-9	3.9117153960432915e-11
0.22	0.387645805709137	3.053544941220702	-3.0196274369842513e-9	1.1808474198460317e-9
0.23	0.3911293029228018	2.998123127126817	-3.8019529746691205e-9	-4.163371869481125e-9
0.24	0.390407291471913	2.939744875885541	4.946217213586124e-9	1.7550441100411263e-9
0.25	0.38528942590385795	2.8784755222286584	-3.684251792535065e-9	-5.062764429908384e-9
0.26	0.3755800414870103	2.8143844518887384	-3.000643289396976e-9	-1.822186845856777e-10
0.27	0.36107816099708745	2.747545577272682	-7.099668630772271e-9	-5.482458931282963e-10
0.28	0.3415749785073936	2.6780354513893307	-4.1291137176102666e-9	1.851585551548851e-9
0.29	0.31685642645745027	2.6059364967640626	-2.4159461098349766e-8	2.8098554594180314e-9
0.3	0.2867001976499718	2.5313348802089823	-1.995313547720201e-8	1.6243788536485226e-9
0.31	0.25087701341467183	2.4543216521926894	-4.1011194107376525e-8	9.434819148168572e-9
0.32	0.20914774686549104	2.3749921004397354	-7.615836888907879e-8	1.3740685034235867e-8
0.33	0.16126401791471323	2.293446606202762	-1.2713705188627245e-7	3.033042439426481e-8
0.34	0.10696709802326715	2.2097904189100213	-2.1383417309062125e-7	6.436058264114308e-8
0.35	0.045987452391635486	2.124134028934545	-3.627092726721237e-7	1.0183277865394302e-7
0.36	-0.021958640343794134	2.036593236197552	-6.056677233079455e-7	1.8504636223326543e-7
0.37	-0.09716669797216015	1.9472895027975454	-9.906014675209462e-7	2.9250022492988137e-7
0.38	-0.17994803718335062	1.85635029058691	-1.605551487093848e-6	4.862529987548214e-7
0.39	-0.27062940086116805	1.7639087162990865	-2.574233799457204e-6	7.927315106570632e-7
0.4	-0.36955630552398455	1.670104696592988	-4.054306458112222e-6	1.294024562170648e-6
0.41	-0.47709367368381805	1.5750846042866362	-6.328315983239463e-6	2.054088190206471e-6
0.42	-0.5936280118402544	1.4790019630954436	-9.774125103056974e-6	3.2116202550724893e-6
0.43	-0.7195695994375448	1.3820175027523742	-0.000014921943661150294	4.977272467954208e-6
0.44	-0.855354580153513	1.284299516731168	-0.00002255126988615075	7.608113023138685e-6
0.45	-1.0014491361229814	1.1860248066942134	-0.000033756443514221246	0.000011521198141295486
0.46	-1.1583504928619455	1.0873787587884873	-0.00005004879227499259	0.000017238264502061895
0.47	-1.326590575961304	0.9885533311156971	-0.00007355026301780754	0.000025489735723915885
0.48	-1.506741516137339	0.8897530592643044	-0.0001071574933089181	0.00003734940732424974
0.49	-1.6994180143288276	0.7911898381846783	-0.000154856993997754	0.000054117305222423084
0.5	-1.9052826891456398	0.6930859530148679	-0.00022202709913798913	0.00007768194210955315
0.51	-2.125051261728407	0.5956736441126935	-0.0003159288492309287	0.00011042277760298091
0.52	-2.359498097950306	0.49919548646550815	-0.0004463098419780209	0.00015552831220055907
0.53	-2.609462330319243	0.40390358568248397	-0.0006260820156285263	0.00021705321514664533
0.54	-2.875856958714749	0.3100613476300147	-0.0008723783018016462	0.00030024256346772304
0.55	-3.1596732170525073	0.21794162424815278	-0.0012076914661633964	0.00041169564503029665
0.56	-3.461992766809715	0.12782134002086676	-0.0016614244617620955	0.0005596156878510117
0.57	-3.783993149194597	0.039991296469380266	-0.0022718504661405348	0.0007542200746661898
0.58	-4.126961571074126	-0.04525665946926205	-0.003088305114715695	0.0010078662416646011
0.59	-4.492303809529336	-0.1276273394876002	-0.0041743201144939235	0.001335379729657582
0.6	-4.881555949691428	-0.2068268315828501	-0.0056111236839804235	0.00175422015229465
0.61	-5.29639626362556	-0.28256730912975403	-0.007502053288700239	0.0022845481437365756
0.62	-5.738657081469295	-0.3545733089405436	-0.009977776352485535	0.002949068340662997
0.63	-6.210336178139151	-0.42258980219756737	-0.013202781089887594	0.0037726016491932413
0.64	-6.713608845301529	-0.48639296740670357	-0.017383011524749747	0.004781080914857405
0.65	-7.25082935208264	-0.54579645875826	-0.02277492774562262	0.006000078393282315
0.66	-7.824556429953709	-0.6006716492983708	-0.029696085817732865	0.007452261975632091
0.67	-8.437524220124587	-0.65096435540082	-0.03853758639282745	0.009153662243935656
0.68	-9.092662417327247	-0.6967053620822465	-0.049778262541671836	0.011108374556593859
0.69	-9.793069293522088	-0.7380341073441468	-0.06400090563813876	0.013301037503991253
0.7	-10.541985633856001	-0.7752158161180898	-0.08191030175292013	0.015686575527004365
0.71	-11.342749245395296	-0.8086569074915975	-0.10435314133466989	0.018176517686281812
0.72	-12.198726338947907	-0.8389142208955285	-0.13233928657714955	0.02062105466929509
0.73	-13.113213435983624	-0.8666922355607909	-0.16706392581544094	0.022785623939643784
0.74	-14.089301531913335	-0.8928197702674474	-0.20992958295263975	0.024321418217983393
0.75	-15.129697784069194	-0.9181989481844646	-0.262566746535839	0.024728496024138735
0.76	-16.23646798180407	-0.9436769770288151	-0.326850727750454	0.023310342572806064
0.77	-17.41074950705726	-0.9698961143031433	-0.40491261650083743	0.019119513992720272
0.78	-18.652346516729594	-0.9969761590303712	-0.499139885012184	0.010893729419162668
0.79	-19.959251344321856	-1.0240625043453022	-0.6121624509594028	-0.0030170428654230363
0.8	-21.3270663428641	-1.0486364031966247	-0.746817955037443	-0.024730418083500183
0.81	-22.748332639947876	-1.0654972188915721	-0.9060888335348523	-0.05691472264012987
0.82	-24.211786456133154	-1.065284047977599	-1.0930030753698645	-0.10286789831337728
0.83	-25.701591639832344	-1.0323571274360077	-1.3104890683864028	-0.16658052620346098
0.84	-27.1966476872266	-0.9417932806973823	-1.561176057831517	-0.25276426505512006
0.85	-28.67015116916079	-0.7551618691826008	-1.8471340505849128	-0.3668180112909738
0.86	-30.08972093951374	-0.41462795804631014	-2.1695530705404167	-0.5146908714010578
0.87	-31.41860806442625	0.1652363599554718	-2.528376213873514	-0.7025849312817058
0.88	-32.618854088531236	1.108795736397326	-2.9219260834981924	-0.9364186889496295
0.89	-33.6578190167084	2.5949805078031716	-3.3466148650691707	-1.220949494214011
0.9	-34.520454087045835	4.879106700905282	-3.796910205652239	-1.5584215950229066
0.91	-35.23119439076163	8.323394849677214	-4.265894695822681	-1.9466017777942852
0.92	-35.892300621763695	13.440924931310974	-4.74704639596041	-2.3760712524241967
0.93	-36.75024680430039	20.962224141105423	-5.238424708688569	-2.826769321889003
0.94	-38.31220554201326	31.945705527994505	-5.751659553175841	-3.2641444615028377
0.95	-41.554036029016174	47.99188392733009	-6.33096217916102	-3.6363221282560403