0.	-0.6408011528481055	-0.594735901555449	0.	0.
0.01	-0.6348445338156985	-0.5925890067075947	8.881784197001252e-16	-3.552713678800501e-15
0.02	-0.6289212113059452	-0.5903303772350839	-8.881784197001252e-16	-1.0658141036401503e-14
0.03	-0.6230306048058134	-0.5879632411853777	-1.7763568394002505e-15	-7.105427357601002e-15
0.04	-0.6171719971451912	-0.5854906729120302	-8.881784197001252e-16	7.105427357601002e-15
0.05	-0.6113445722861348	-0.5829158176088036	0.	3.552713678800501e-15
0.06	-0.6055474214970413	-0.5802418206392694	0.	7.105427357601002e-15
0.07	-0.5997795401068879	-0.5774719344413057	9.769962616701378e-15	3.552713678800501e-15
0.08	-0.5940398286874959	-0.5746093949926561	1.7763568394002505e-15	-1.7763568394002505e-14
0.09	-0.5883270897231947	-0.5716575313862222	0.	-3.552713678800501e-15
0.1	-0.5826400310285456	-0.568619660135532	-8.881784197001252e-16	-3.552713678800501e-15
0.11	-0.5769772559831674	-0.5654991853931719	-7.993605777301127e-15	-3.552713678800501e-15
0.12	-0.571337270955524	-0.5622995222413856	-1.2434497875801753e-14	1.0658141036401503e-14
0.13	-0.565718361836943	-0.5590244001190463	8.881784197001252e-16	7.105427357601002e-15
0.14	-0.5601190540120866	-0.5556767756594176	-1.7763568394002505e-15	7.105427357601002e-15
0.15	-0.5545374199194248	-0.5522604767663317	3.552713678800501e-15	3.197442310920451e-14
0.16	-0.5489716405502554	-0.5487788981207515	-2.6645352591003757e-15	1.7763568394002505e-14
0.17	-0.5434194714116181	-0.5452359789619408	1.9984014443252818e-15	3.907985046680551e-14
0.18	-0.5378788624051907	-0.5416352229692016	2.7755575615628914e-14	1.4566126083082054e-13
0.19	-0.5323475405678957	-0.5379803160271557	-1.3988810110276972e-14	3.765876499528531e-13
0.2	-0.5268231026757795	-0.5342750152518292	-3.985700658404312e-14	9.094947017729282e-13
0.21	-0.5213030204522044	-0.5305231035822224	-1.963984530561902e-13	2.149391775674303e-12
0.22	-0.5157846283974794	-0.5267284092052584	-6.642464356332312e-13	4.863665026277886e-12
0.23	-0.5102660846703875	-0.5228948841142298	-1.9061419109789313e-12	1.0549783269198088e-11
0.24	-0.5047416046906545	-0.5190261034356123	-4.98301400142509e-12	2.205524651799351e-11
0.25	-0.49921086535188675	-0.5151265803587322	-1.2103429369858532e-11	4.461675473521609e-11
0.26	-0.4936697016115912	-0.5112001098194501	-2.7773339184022916e-11	8.745359991735313e-11
0.27	-0.48811468135273284	-0.5072508059616379	-6.065103974606245e-11	1.6651746648221888e-10
0.28	-0.4825422013245868	-0.503282831703876	-1.2701439899842626e-10	3.086473299163117e-10
0.29	-0.4769484776175763	-0.49930040766118644	-2.5645441326105356e-10	5.578879580525609e-10
0.3	-0.47132953429640034	-0.4953078164276494	-5.012208426080633e-10	9.849259186012205e-10
0.31	-0.46568118912781786	-0.4913094209134936	-9.513070331479412e-10	1.7008723318667762e-9
0.32	-0.4599990452980256	-0.4873096613401291	-1.7580492617241816e-9	2.8767477289193266e-9
0.33	-0.4542784816157175	-0.48331304556243815	-3.170628204429704e-9	4.770866368630777e-9
0.34	-0.44851464225861637	-0.47932415116806837	-5.591040519448143e-9	7.766479015458572e-9
0.35	-0.4427022934359255	-0.47534782748292415	-9.656005328650963e-9	1.2422196604688907e-8
0.36	-0.4368362974661588	-0.47138848912592124	-1.6356818122176264e-8	1.95389624479958e-8
0.37	-0.43091087259040695	-0.4674511423898	-2.7211838560248225e-8	3.024655192973569e-8
0.38	-0.42492010638472877	-0.4635405678813367	-4.451213886369487e-8	4.611431059231563e-8
0.39	-0.4188576041498018	-0.4596621042435949	-7.166552418169658e-8	6.928886264745415e-8
0.4	-0.41271760885950926	-0.45582084005345713	-1.1367436769660344e-7	1.0266308692052917e-7
0.41	-0.4064907676980649	-0.4520215364550868	-1.777892046916918e-7	1.5007850073800455e-7
0.42	-0.4001720212617057	-0.44827012029590385	-2.7439557026553985e-7	2.165610890614289e-7
0.43	-0.3937528282100393	-0.4445718076949099	-4.1820329865771555e-7	3.0858968891323e-7
0.44	-0.38722497435716985	-0.4409321324918061	-6.298268626636627e-7	4.343890829261454e-7
0.45	-0.3805797762646064	-0.43735674821747494	-9.378659635572717e-7	6.042365754410639e-7
0.46	-0.373808042720972	-0.43385142553082723	-1.3816210904238346e-6	8.307601895296557e-7
0.47	-0.3669000435601175	-0.4304220606410407	-2.014608565303888e-6	1.129196995464099e-6
0.48	-0.359845493359054	-0.4270746327436683	-2.909075349499801e-6	1.5175639038744748e-6
0.49	-0.3526333900036205	-0.4238152855696704	-4.1617540933458486e-6	2.01667428889607e-6
0.5	-0.34525236884661314	-0.42065016171726377	-5.901148917963894e-6	2.6499068415120064e-6
0.51	-0.33769005986051326	-0.41758564849357604	-8.296693735587723e-6	3.4426062018866332e-6
0.52	-0.32993354007003894	-0.41462801656701487	-0.000011570193215959534	4.420946174477081e-6
0.53	-0.321968850940598	-0.4117840871113234	-0.000016010027675150695	5.610046434512128e-6
0.54	-0.31378138128375177	-0.4090603704515967	-0.000021988679222317842	7.0310614272983685e-6
0.55	-0.30535552644364916	-0.4064636047211234	-0.00002998424214961659	8.6968958932232e-6
0.56	-0.2966746805986986	-0.40400062510019463	-0.00004060667315819444	0.000010606100501853177
0.57	-0.2877211443089207	-0.40167823177769435	-0.000054629660142246905	0.000012734395600233483
0.58	-0.2784760260682244	-0.3995038134462314	-0.00007302911427853331	0.000015023140278458413
0.59	-0.268919425131819	-0.39748403108218344	-0.00009702945451994793	0.00001736387979711651
0.6	-0.25902989061953896	-0.3956260453173561	-0.00012815894717199683	0.000019577984403440496
0.61	-0.24878445745862265	-0.39393727411620016	-0.00016831565535557758	0.000021390080919836407
0.62	-0.23815875595385894	-0.3924248556833527	-0.00021984558881893435	0.000022393745094717588
0.63	-0.22712661035635406	-0.3910959864277146	-0.0002856349931645852	0.000022007675281265904
0.64	-0.21566017172616192	-0.3899581655577018	-0.0003692188242405692	0.000019420115733304044
0.65	-0.20372937171143324	-0.38901882819365596	-0.00047490772763936207	0.00001351893271106519
0.66	-0.19130228832670593	-0.3882849422655399	-0.0006079362041822023	2.8041106805432037e-6
0.67	-0.17834421260348865	-0.3877641826405709	-0.0007746345013073253	-0.00001472058565799017
0.68	-0.1648181789959775	-0.38746406991256777	-0.0009826275978532806	-0.00004168183433428396
0.69	-0.15068425328794	-0.38739197230316336	-0.001241064452323748	-0.00008150121257344267
0.7	-0.13589987056646002	-0.38755546884797276	-0.0015608810792855365	-0.00013859661912896115
0.71	-0.12041691578204627	-0.3879619888635317	-0.001955101784502311	-0.00021862557650331738
0.72	-0.1041866999351484	-0.38861937756135934	-0.0024391814763209396	-0.00032878391679158625
0.73	-0.08715408209901909	-0.38953534199400686	-0.0030313946568689687	-0.0004781603587726835
0.74	-0.06926015582804101	-0.3907177382004492	-0.003753274664364703	-0.0006781674618681066
0.75	-0.05043894580180197	-0.3921749345075658	-0.0046301085182989254	-0.0009430514629840125
0.76	-0.03062122795753819	-0.39391506863344095	-0.005691490944967903	-0.0012905107566245633
0.77	-0.009729808733738743	-0.39594697415964886	-0.006971942133803921	-0.0017424184904972773
0.78	0.012321550251563451	-0.3982799206185337	-0.008511594904691222	-0.0023256814461263264
0.79	0.035625031213210256	-0.4009232525951385	-0.010356955212546204	-0.003073269127915168
0.8	0.060283714972345415	-0.4038871744103434	-0.012561735087571968	-0.004025403440914843
0.81	0.08641320891954418	-0.4071829557348179	-0.015187764764851508	-0.005230959837150717
0.82	0.11413894960243454	-0.4108216418320929	-0.018305994176193607	-0.0067491403674491135
0.83	0.14360413694356655	-0.4148162650214711	-0.021997549687549522	-0.008651359583954799
0.84	0.17496550230705754	-0.41917970711372865	-0.026354907988898724	-0.01102353347569407
0.85	0.20840233532944819	-0.42392684182166196	-0.031483085606009986	-0.013968626870793144
0.86	0.24411322404506297	-0.4290725348153622	-0.037500968458607176	-0.01760973425799872
0.87	0.28232361056104693	-0.43463288191857363	-0.044542629639721554	-0.022093518582880556
0.88	0.3232891671933844	-0.4406250542874257	-0.052758688712942536	-0.02759424492549356
0.89	0.36729860181479745	-0.4470659522171725	-0.06231775152917107	-0.034318424505833
0.9	0.4146803297455328	-0.45397257460917784	-0.07340775579754766	-0.04251011141064165
0.91	0.46580887109732005	-0.4613611392813577	-0.086237278200338	-0.052456982600764146
0.92	0.5211097900391635	-0.46924499249780727	-0.10103687108548787	-0.06449728027863877
0.93	0.5810717600227915	-0.4776354740556643	-0.1180598770384016	-0.07902772029471627
0.94	0.6462522563650097	-0.4865374998953955	-0.13758348306716384	-0.09651247241576844
0.95	0.7172894989147606	-0.49594720237879386	-0.15990914298501957	-0.11749329665553176