0.	1.7735208925513546	3.3279637912798123	0.	0.
0.01	1.7873921118045057	3.3333809786484885	3.140021576086838e-11	1.0124479032924683e-10
0.02	1.801135268213451	3.335717854400128	3.1472602302073938e-12	4.0308201221250783e-11
0.03	1.8146929037577006	3.334937095968534	3.806079895696257e-10	-1.1970557878271393e-10
0.04	1.828016087193347	3.3310300496956753	4.573232903481994e-10	4.739790782082309e-10
0.05	1.841033271660948	3.3239717366102512	1.4972445505634369e-10	4.897340311060816e-10
0.06	1.8536889956121851	3.3137370134752113	1.841233832067246e-10	3.5502445427937346e-10
0.07	1.865964839344226	3.300247246624672	2.286433264941934e-10	-1.9405632656344096e-10
0.08	1.8778361075390246	3.283496835954239	1.393671844596156e-10	-1.4787726598797235e-11
0.09	1.889222083480016	3.2635335580716562	-3.5504821305210044e-10	5.02782704359106e-10
0.1	1.9001655488815767	3.240188539970108	1.0287524165875084e-9	5.265734515091935e-10
0.11	1.9103847027407383	3.2136272823236074	1.398035021082933e-10	4.180136237152965e-10
0.12	1.920136035068083	3.1835560731663883	9.745582119080609e-11	1.4954215643570024e-10
0.13	1.9291896608428674	3.150214956552815	-2.533429022122391e-9	5.085145637906408e-10
0.14	1.9375486614244866	3.1133100592463614	-7.492138021092387e-9	1.5618035753561799e-9
0.15	1.9451106991124196	3.073064037372185	-1.970713192633866e-8	4.5402339665656655e-9
0.16	1.9518543461272009	3.029192774302717	-4.871728798150343e-8	1.3182701597003188e-8
0.17	1.9576849487280954	2.981991024746964	-1.1469664507046673e-7	4.318051516349897e-8
0.18	1.9625986040191166	2.9312449098784543	-2.4434983036947244e-7	1.163057290476388e-7
0.19	1.966544562767097	2.8769893876929795	-4.972634259914344e-7	2.82198703516201e-7
0.2	1.9694013822126664	2.8191592149607567	-9.567437282420599e-7	6.441217408337252e-7
0.21	1.9710681525760518	2.7577898531618876	-1.7695723775190686e-6	1.3853725011614415e-6
0.22	1.9716283458025787	2.6928567260789906	-3.130731336398185e-6	2.837997236326828e-6
0.23	1.9709868293061577	2.6242977200607327	-5.329308687018752e-6	5.570240384944469e-6
0.24	1.9688753186144863	2.5522831163457487	-8.743372867492383e-6	0.000010519033224465346
0.25	1.9653903375928425	2.4766448549996167	-0.000013833193653889353	0.000019176010263244336
0.26	1.9604807046181016	2.3974113350685706	-0.00002112166435308538	0.00003385187392623834
0.27	1.953949632683959	2.314559755012619	-0.0000311216461346131	0.00005803619360600365
0.28	1.9457653868462705	2.2280934161247155	-0.00004420636120339161	0.00009685365065736917
0.29	1.9359578345108321	2.138266946102864	-0.00006038068834546273	0.0001576867558075179
0.3	1.9242594639067434	2.0446166247254958	-0.00007895004950975171	0.00025090755715062585
0.31	1.9108411718096918	1.9476779799125878	-0.00009802738073316775	0.00039084895241159323
0.32	1.89532012825808	1.8470184658645172	-0.00011377515742516664	0.0005969680051560733
0.33	1.8777827764678832	1.7429325001823646	-0.00011948604041012167	0.000895224904840175
0.34	1.8580175181394925	1.6353526854158	-0.00010422647763008719	0.0013197922690018071
0.35	1.8360409216804539	1.5243203732467852	-0.00005118771293011193	0.0019150111617916021
0.36	1.8117504958746888	1.4098824727142731	0.00006455012832606855	0.00273772589354504
0.37	1.7850367106971246	1.2920600997992127	0.0002787014807998922	0.0038599939159666974
0.38	1.7556966428477279	1.17088145332457	0.0006411916357103031	0.005372209292833219
0.39	1.7236828460346545	1.0465084657563277	0.0012203255867428986	0.007386713686097668
0.4	1.6889165552300072	0.9188764640385441	0.0021077654419525693	0.01004193519527774
0.41	1.651207715348534	0.788017800028292	0.003424565193991036	0.013507166583957564
0.42	1.6105493927618375	0.6540060268188291	0.0053282822589073575	0.01798798403981061
0.43	1.5665863061100773	0.5169275034062882	0.008021276812850031	0.0237325067364742
0.44	1.519316105216244	0.3768691730264341	0.01176048276148034	0.031038525250056126
0.45	1.4685908349824883	0.23380544535814374	0.016868565524235102	0.04026178925568058
0.46	1.4140809891042347	0.08780914369951498	0.023746805480764577	0.05182540935194413
0.47	1.3557259448621366	-0.0609628583209858	0.03288967033623802	0.06623089197872589
0.48	1.2931503688691794	-0.21255329915322813	0.04490138742086591	0.08407077368687543
0.49	1.2261745884934256	-0.3669005491058896	0.060514394063293286	0.10604346585870333
0.5	1.1544003204502848	-0.5240115527948994	0.0806100514848318	0.1329704480751337
0.51	1.077470085348456	-0.6838537178170586	0.10624146308817595	0.16581653639014104
0.52	0.9950414228485622	-0.8464205916488197	0.1386585919220501	0.20571357221394182
0.53	0.9064116878566075	-1.0117294244109465	0.1793357315109515	0.25398831080389694
0.54	0.8110087058862732	-1.1799548063123284	0.23000120993192785	0.3121954763810397
0.55	0.7081970379775858	-1.3512067452909484	0.29266928952369997	0.3821565115976093
0.56	0.5969912102735899	-1.525565327382786	0.3696743664535398	0.46600558207323806
0.57	0.4761920706517271	-1.7035321663005372	0.4637069745250282	0.5662439243431112
0.58	0.3445467543662759	-1.8854561836557193	0.5778512980426971	0.6858039491997798
0.59	0.20042408793742228	-2.0717058266405326	0.7156245311399411	0.8281250040347401
0.6	0.04203927690643816	-2.2630968615693785	0.881016678814368	0.9972424874199382
0.61	-0.13310004665475395	-2.4603719214705713	1.0785311160655735	1.1978929183041722
0.62	-0.32780472307035846	-2.66465614726077	1.3132248866643546	1.435636222455385
0.63	-0.5454040344677741	-2.8772284223792224	1.5907485418185234	1.716999338485644
0.64	-0.7899956033683445	-3.0999585536860614	1.9173842883749832	2.049641527570346
0.65	-1.0667064747165624	-3.334742232561726	2.3000830038054723	2.442544423235549
0.66	-1.3814114553397578	-3.5842707987029643	2.7464970455920037	2.906227538600384
0.67	-1.7410924694338303	-3.8515949501006035	3.265011239781864	3.4529890039445044
0.68	-2.154701432648146	-4.140544572929211	3.8647651319946323	4.09716580923599
0.69	-2.6323395921305055	-4.455954423914825	4.555664642385389	4.855410424425557
0.7	-3.186619745836051	-4.803184682011112	5.348372224802665	5.746962946394655
0.71	-3.8324262202776826	-5.189245619347773	6.254249548704321	6.793905111574659
0.72	-4.587605162481893	-5.622026667334303	7.28521269947211	8.0213616428334
0.73	-5.4736451841665135	-6.111278355352254	8.453424271777426	9.457624225427573
0.74	-6.516624142490656	-6.668531541892719	9.770694984569879	11.134183983906876
0.75	-7.747527782620809	-7.3071905945718685	11.247407416383728	13.085709783735911