0.	0.	0.	0.	0.
0.01	-0.0011999723250308847	0.0018677847498498323	-2.5757174171303632e-14	-5.329070518200751e-15
0.02	-0.002465759417936475	0.0026299985137967496	-1.687538997430238e-14	4.973799150320701e-14
0.03	-0.0038316154424151705	0.0022340885199483296	-8.704148513061227e-14	2.1316282072803006e-14
0.04	-0.005337952135539226	0.000625658961780573	-9.414691248821327e-14	-1.6342482922482304e-13
0.05	-0.007024175962879298	-0.0022475792352594226	-4.014566457044566e-13	7.105427357601002e-14
0.06	-0.00893081297871845	-0.006449823601585081	-5.186961971048731e-13	6.536993168992922e-13
0.07	-0.011112253028041863	-0.012031030785180974	-3.268496584496461e-13	3.694822225952521e-13
0.08	-0.013617140886349688	-0.019056187445997352	-1.1119993814645568e-12	-4.973799150320701e-13
0.09	-0.016497073941913243	-0.027583384748680828	9.414691248821327e-13	-2.4300561562995426e-12
0.1	-0.019811127865430933	-0.03767735178612952	2.7142732506035827e-12	-1.9468870959826745e-12
0.11	-0.02362816287403291	-0.04940164438838224	6.920686246303376e-12	-1.5830892152735032e-11
0.12	-0.02801221005184118	-0.06282186347385732	2.312106062163366e-11	-5.476863407238852e-11
0.13	-0.03302449775311089	-0.07800149380048538	5.916689360674354e-11	-1.7530510376673192e-10
0.14	-0.038761448712058666	-0.09501300796659962	1.1540635114215547e-10	-4.945661657984601e-10
0.15	-0.04528976162565357	-0.11391837454021925	1.8451373762218282e-10	-1.2934151527588256e-9
0.16	-0.05270390213419773	-0.1347917353059529	1.8349055608268827e-10	-3.132242909487104e-9
0.17	-0.06109111669657352	-0.15770702644627477	-1.687965323071694e-10	-7.123702516764752e-9
0.18	-0.07055422810269363	-0.18272715143433516	-1.6051160400820663e-9	-1.5327344726756564e-8
0.19	-0.08119394353970222	-0.20992740989316871	-5.8021072391056805e-9	-3.135681936328183e-8
0.2	-0.09311368288116739	-0.23938877095190492	-1.630603208013781e-8	-6.136141905699333e-8
0.21	-0.10644016623199093	-0.2711762497810071	-4.005499931736267e-8	-1.152485822331073e-7
0.22	-0.12128894138133717	-0.3053686505103599	-8.9992866492139e-8	-2.0853860860370332e-7
0.23	-0.13779937785989205	-0.34203266908636465	-1.8908843912868178e-7	-3.6466093433773494e-7
0.24	-0.15610004817600043	-0.3812550680194704	-3.766899112633837e-7	-6.178213141083688e-7
0.25	-0.17634188733674705	-0.4231021604889236	-7.178967109666701e-7	-1.0164278876345634e-6
0.26	-0.19867480422942663	-0.467662936409198	-1.317260796440678e-6	-1.6268645879335963e-6
0.27	-0.2232580888181417	-0.5150003171601725	-2.3384997973607824e-6	-2.5373065000167117e-6
0.28	-0.25026988209199885	-0.565191777007044	-4.032020541444581e-6	-3.861037015440161e-6
0.29	-0.27988281427013817	-0.6183193529199684	-6.772936586685319e-6	-5.738309624803151e-6
0.3	-0.31228791124522104	-0.6744592630791146	-0.00001111263324560241	-8.335503224543572e-6
0.31	-0.34768470823436814	-0.7336802561033835	-0.000017848051044211388	-0.000011839438656124912
0.32	-0.38628128114140736	-0.796065353478582	-0.000028113162301224293	-0.000016444324870690252
0.33	-0.42830526346284614	-0.8616841718848605	-0.000043498933678165486	-0.000022327436596469852
0.34	-0.4739842188223804	-0.9306145939093824	-0.00006620883067398609	-0.000029608460948793436
0.35	-0.5235581861133483	-1.0029296439645634	-0.00009925885123607259	-0.00003828580744880128
0.36	-0.5772897141778515	-1.0786988421896808	-0.00014673264942643982	-0.000048141151694380824
0.37	-0.6354556034042673	-1.157995716698366	-0.00021410485086903464	-0.000058600493559879396
0.38	-0.6983284177458131	-1.2408984558289546	-0.0003086485464791622	-0.00006853715808574634
0.39	-0.7662224671366857	-1.3274611317632719	-0.0004399457718591293	-0.00007599771211630468
0.4	-0.8394450085749554	-1.4177704266420648	-0.0006205245153978467	-0.0000778264758594105
0.41	-0.9183365810723103	-1.5118749073353968	-0.0008666506455199396	-0.0000691582011427272
0.42	-1.0032481343023392	-1.6098437862230242	-0.0011993088332360458	-0.0000427399274229856
0.43	-1.094555481046541	-1.7117456859741793	-0.0016454152949449963	0.000011966543098651528
0.44	-1.1926561263659607	-1.8176307912701901	-0.0022393133062621473	0.00010996365561766197
0.45	-1.2979625216390787	-1.9275582407948235	-0.0030246155530733176	0.00027225464141622524
0.46	-1.410920771678093	-2.0415724345294706	-0.004056471339822565	0.0005278354618383219
0.47	-1.5320049521743329	-2.159724314918506	-0.005404355561722696	0.0009162624795777674
0.48	-1.661712673318334	-2.282046261033898	-0.007155499376494845	0.0014909475780058301
0.49	-1.8005866386996843	-2.4085689197803504	-0.009419113087318465	0.0023233698181002183
0.5	-1.949185954936894	-2.539308827479516	-0.01233158652624411	0.0035084431279130968
0.51	-2.108142345789986	-2.674266892081235	-0.016062907805746818	0.0051713323571362935
0.52	-2.27810458267345	-2.8134328067881	-0.02082458489527994	0.007476092045948235
0.53	-2.4597892169561817	-2.956766985226764	-0.026879459797299887	0.010636594018876622
0.54	-2.65397044249724	-3.1042021723885966	-0.03455387436352453	0.014930325392384702
0.55	-2.861489061492591	-3.25563860393504	-0.04425280779699392	0.02071578156336784
0.56	-3.083274349621888	-3.410919861244082	-0.05647873917070001	0.02845438470151862
0.57	-3.3203317252446993	-3.5698357998783194	-0.07185523979242703	0.03873807318548472
0.58	-3.5737900980086863	-3.7320931536122117	-0.09115657503994612	0.05232400330639564
0.59	-3.844906487855468	-3.897298296056306	-0.11534493712002813	0.07017822354121961
0.6	-4.135075446075518	-4.064927533660267	-0.14561742570646174	0.09353059514647555
0.61	-4.445894781661451	-4.234286710746957	-0.1834656426767367	0.12394390385854592
0.62	-4.779171927325621	-4.404471976224713	-0.2307513539560091	0.16340084562784796
0.63	-5.136983826755312	-4.574299878976333	-0.28980310750611693	0.21441356322027616
0.64	-5.521738651601794	-4.742218179422352	-0.3635399181538048	0.28016183027540364
0.65	-5.936249317120996	-4.9062282933417265	-0.45563036290269565	0.36466719913167367
0.66	-6.383828149130409	-5.063723730296118	-0.5706977906054362	0.4730131763874539
0.67	-6.868415273934744	-5.211332635962265	-0.714586347581843	0.6116235681736271
0.68	-7.394736075641873	-5.344682077592211	-0.8947072143754156	0.7886151510596306
0.69	-7.968509334233261	-5.458106087146831	-1.1204909369487268	1.014244972048914
0.7	-8.596707748616467	-5.544264930315933	-1.4039812877119004	1.3014790001297172
0.71	-9.28792071236532	-5.593617324172584	-1.7606183609317156	1.66671617502449
0.72	-10.052808664180077	-5.593788697146593	-2.2102767310511524	2.1307120623819458
0.73	-10.904715807271032	-5.528662579647332	-2.7786472825490307	2.71976084011996
0.74	-11.860481725266794	-5.377230881675914	-3.499088452061443	3.4672090454720035
0.75	-12.941538189998397	-5.112044657299506	-4.415118565175362	4.415402241556876