0.	-2.1618088796872144	-3.6731335938993652	0.	0.
0.01	-2.146535242191476	-3.662984513979609	3.3651303965598345e-11	5.047695594839752e-11
0.02	-2.131425584860608	-3.6522774798261253	5.638867150992155e-11	4.979483492206782e-11
0.03	-2.1164929426613526	-3.640874702746487	5.093170329928398e-11	1.07775122160092e-10
0.04	-2.1017545103200064	-3.628652474016235	3.8176040106918663e-10	-2.512479113647714e-10
0.05	-2.0873021058826	-3.615737608573909	3.0809133022557944e-10	-5.866240826435387e-11
0.06	-2.073010365433447	-3.602081016287457	-5.070432962384075e-11	3.431068762438372e-10
0.07	-2.058934620941045	-3.5877049488931334	-2.4851942725945264e-10	3.0877345125190914e-10
0.08	-2.0450872504948165	-3.572556423206379	8.849383448250592e-10	1.5506884665228426e-10
0.09	-2.0314749556437164	-3.556790547057062	4.918092599837109e-10	2.810338628478348e-10
0.1	-2.018003360082048	-3.5403046652252215	3.108198143308982e-10	4.831690603168681e-10
0.11	-2.0048268573632413	-3.5232815079364173	2.007709554163739e-10	-5.850324669154361e-10
0.12	-1.991822285396438	-3.505591070674882	2.1532287064474076e-10	2.7398527890909463e-10
0.13	-1.979022007522417	-3.487229645406842	5.402398528531194e-10	1.3405951904132962e-9
0.14	-1.9663859052543557	-3.468291494174082	8.33779267850332e-10	2.1539108274737373e-9
0.15	-1.9539614489178803	-3.44880046000344	-4.270077624823898e-10	3.801460479735397e-9
0.16	-1.9417389373247715	-3.428825941801506	-1.7694219422992319e-9	8.872802936821245e-9
0.17	-1.9296617397001228	-3.4082798762469793	-7.142489266698249e-9	1.9675781004480086e-8
0.18	-1.9177825492727152	-3.38717629921166	-1.626835910428781e-8	4.101229933439754e-8
0.19	-1.906069294460849	-3.365736834490235	-3.8967527871136554e-8	8.152869668265339e-8
0.2	-1.8944609335039786	-3.3438181950705257	-8.238839654950425e-8	1.5349132809205912e-7
0.21	-1.8832640771374827	-3.3213025484994887	-1.6953822523646522e-7	2.8151566766609903e-7
0.22	-1.8720987223027805	-3.2985526042061792	-3.283312253188342e-7	4.965763764630537e-7
0.23	-1.860871622669265	-3.2753631039015545	-6.173502242745599e-7	8.460558547085384e-7
0.24	-1.8496680958355682	-3.251836534300992	-1.1223214642086532e-6	1.402398538630223e-6
0.25	-1.8389111026613136	-3.2279140199773337	-1.9794870240730233e-6	2.258253289255663e-6
0.26	-1.8281542847134915	-3.2037261276830122	-3.382927843631478e-6	3.540043280736427e-6
0.27	-1.8174012219722044	-3.1792349591826223	-5.6291062264790526e-6	5.41226904715586e-6
0.28	-1.8065131603975715	-3.1545413225967422	-9.128565579885617e-6	8.07451328910247e-6
0.29	-1.795862735065839	-3.129644089894896	-0.0000144676300806168	0.000011775974826377933
0.3	-1.785272125943493	-3.1043916920331185	-0.000022430729359257384	0.000016792228734630044
0.31	-1.7750045703899104	-3.0791358152838484	-0.000034050821341224946	0.00002341719437026768
0.32	-1.7641802319903945	-3.0537320178927985	-0.00005068095538263151	0.00003194780890680704
0.33	-1.753502490164692	-3.028126189520094	-0.00007402498840747285	0.00004263685582373
0.34	-1.742888263497889	-3.002580442721978	-0.00010616387339723588	0.000055602525094400335
0.35	-1.7321115581191862	-2.9768956228181196	-0.0001495951046308619	0.00007076350800616638
0.36	-1.721283198052788	-2.951395495881229	-0.00020717744337162003	0.00008768299164785276
0.37	-1.710289505962237	-2.9257410623429223	-0.00028205472403897147	0.00010537571290569758
0.38	-1.6991741661579454	-2.9001628094652006	-0.0003774620381591376	0.00012205170560264378
0.39	-1.6877675605169316	-2.8746489037481524	-0.0004964184854543419	0.00013477367247105576
0.4	-1.6760668716167402	-2.849384980117293	-0.0006412023474240414	0.00013897516623728734
0.41	-1.6640851692914111	-2.824208961538602	-0.0008125989090785879	0.00012789158154191682
0.42	-1.6516962713380963	-2.7992045221508306	-0.001008801893249256	0.00009174880608497915
0.43	-1.6387671243305704	-2.7744455152387673	-0.0012238634542427462	0.00001678134219673666
0.44	-1.6252442338752644	-2.74998666522265	-0.0014455654047651478	-0.00011608142585828318
0.45	-1.6110176292056622	-2.725656597513421	-0.0016525839100722806	-0.00033288840074874315
0.46	-1.5959528041532849	-2.701967161570792	-0.0018107175310433377	-0.0006688222688353562
0.47	-1.5797581198460193	-2.678557489110972	-0.00186800475171367	-0.0011709089817486529
0.48	-1.5622451388837817	-2.6554834590310747	-0.0017484103123024397	-0.0019015824315147256
0.49	-1.5430927841896391	-2.632944307314915	-0.0013438655926165666	-0.0029431554872303423
0.5	-1.5219239370690048	-2.6107041966894258	-0.0005043238479629508	-0.004403564349956923
0.51	-1.4984123657795863	-2.588977562219384	0.0009746312593961193	-0.006423675022801945
0.52	-1.471858071087354	-2.5677995373229123	0.003366820847531926	-0.009186509160201695
0.53	-1.4417216966844535	-2.547134100129881	0.007033701386717439	-0.01292892102787846
0.54	-1.4070447551102916	-2.5269853851142443	0.012446143361103168	-0.01795625383300603
0.55	-1.3667959719791725	-2.50769782331065	0.02021011798615291	-0.024660491945269314
0.56	-1.3200031855135421	-2.4889646597537194	0.031096520165647235	-0.033542822264621464
0.57	-1.2647998309539616	-2.4711789834836964	0.04607576324497131	-0.04524112729507124
0.58	-1.1997305242434777	-2.4545927971061587	0.06635667844739146	-0.060563353299357914
0.59	-1.1225636934950671	-2.439378319606135	0.0934305098708137	-0.08052730087780446
0.6	-1.0308737678633406	-2.425777120784119	0.1291192990734089	-0.10640764305281891
0.61	-0.9214669984667125	-2.4145652020212083	0.17562875050680304	-0.13979064539967112
0.62	-0.7911942580567484	-2.40596404275243	0.23560511985124322	-0.18263635033656556
0.63	-0.6357922500897075	-2.4011457135423484	0.3121962278542014	-0.23734887212475542
0.64	-0.45065728306190067	-2.401292502494698	0.40911499759704384	-0.30685321505785623
0.65	-0.23047387778478878	-2.4075071680797464	0.530706641915458	-0.39467815165789943
0.66	0.031014875716664392	-2.421568448941116	0.6820187946318583	-0.5050422988931587
0.67	0.3408669508917228	-2.4452873503195747	0.8688749861858014	-0.6429426931770763
0.68	0.7069053547902513	-2.481341499142843	1.0979512478656943	-0.8142410409486729
0.69	1.1375894570587661	-2.5323330888336386	1.3768604773408697	-1.0257438715991611
0.7	1.6431048099711916	-2.601495826462269	1.7142418951066247	-1.285275257408614
0.71	2.23434650632953	-2.691898428562183	2.1198612399498415	-1.601733719234801
0.72	2.923654652182904	-2.807787219509976	2.6047255458902328	-1.9851323504419156
0.73	3.7240386717617184	-2.952513057886847	3.181208332409369	-2.446613007085034
0.74	4.650877966065309	-3.130695579063911	3.863200380274975	-2.99843706804819
0.75	5.7197762664563925	-3.3455778791795865	4.6662696939411035	-3.6539392365937147