0.	0.1697752669567834	0.7415559235680699	0.	0.
0.01	0.1696644759525232	0.7413315905892772	0.	0.
0.02	0.16933206902958048	0.7406584979270652	0.	0.
0.03	0.16877802235943606	0.7395372338017517	0.	0.
0.04	0.1680022742020608	0.7379686208424194	0.	0.
0.05	0.1670047469102601	0.7359538251898688	0.	0.
0.06	0.16578533485922503	0.7334943453791262	0.	0.
0.07	0.16434391046234464	0.7305920202646387	0.	0.
0.08	0.16268032065982346	0.7272490294731655	0.	0.
0.09	0.1607943852613112	0.7234679000929807	0.	0.
0.1	0.1586858993744029	0.719251510288934	0.	0.
0.11	0.15635462901184688	0.7146030957520801	0.	0.
0.12	0.15380031182482196	0.7095262538709515	0.	0.
0.13	0.15102265485138375	0.7040249532667874	0.	0.
0.14	0.14802133295427036	0.698103540089022	6.38378239159465e-16	4.440892098500626e-16
0.15	0.14479598810458832	0.691766746493595	1.942890293094024e-16	8.881784197001252e-16
0.16	0.14134622687327753	0.6850197005057519	5.551115123125783e-16	1.4432899320127035e-15
0.17	0.13767161757748586	0.6778679371716854	1.7208456881689926e-15	4.3298697960381105e-15
0.18	0.13377168974334996	0.6703174075544205	5.440092820663267e-15	1.1213252548714081e-14
0.19	0.12964593094828755	0.6623744937193348	1.329492071988625e-14	2.90878432451791e-14
0.2	0.1252937832500706	0.6540460190870363	3.35009797680641e-14	7.260858581048524e-14
0.21	0.1207146425033431	0.6453392653495171	8.049116928532385e-14	1.7552626019323725e-13
0.22	0.11590785301549983	0.6362619858332381	1.8390844402915718e-13	4.050093593832571e-13
0.23	0.11087270587835674	0.6268224236978075	4.078681836716669e-13	9.037215420448774e-13
0.24	0.10560843361266015	0.6170293298538521	8.725520306285262e-13	1.9452217614457368e-12
0.25	0.10011420932045498	0.6068919807796249	1.8085810626899956e-12	4.0598635564492724e-12
0.26	0.09438913895006007	0.5964202013607811	3.640615586775198e-12	8.234080084434936e-12
0.27	0.08843225922553818	0.5856243859344514	7.131573109830924e-12	1.6258994151030493e-11
0.28	0.08224253153680319	0.5745155235724949	1.3624212868990071e-11	3.1323721394471704e-11
0.29	0.07581883748850332	0.5631052234872528	2.542935306770744e-11	5.897737853644003e-11
0.3	0.069159972430278	0.5514057427314311	4.643935236359198e-11	1.0869583011441364e-10
0.31	0.06226463919956843	0.5394300164434248	8.309797294714372e-11	1.9636148262947017e-10
0.32	0.055131442284964666	0.527191690419125	1.4587561714130004e-10	3.481552823814127e-10
0.33	0.04775888021427002	0.5147051563590823	2.5150917459804134e-10	6.065434821067583e-10
0.34	0.04014533705925524	0.5019855874387285	4.263453201591716e-10	1.0393876870296026e-9
0.35	0.032289074627921466	0.48904898104070477	7.112297972788895e-10	1.7536240792814795e-9
0.36	0.024188222530391795	0.4759122003711085	1.1686223100326742e-9	2.915537866687856e-9
0.37	0.015840758445727632	0.4625930945248514	1.8927599210183388e-9	4.780498941148181e-9
0.38	0.007244456135081234	0.44911022874175666	3.0240331905240225e-9	7.736081442111242e-9
0.39	-0.0016028584310267269	0.4354834986760474	4.769076661359506e-9	1.2363971291229348e-8
0.4	-0.010703777452835517	0.42173370621636574	7.428522630359424e-9	1.952797890059088e-8
0.41	-0.02006091447034586	0.4078828511905074	1.1434933194776065e-8	3.04980360965601e-8
0.42	-0.02967735321801568	0.39395407085089035	1.7404075375315742e-8	4.7123348057009906e-8
0.43	-0.03955614071745142	0.3799718622548691	2.620355027405097e-8	7.20722155844733e-8
0.44	-0.04970065537822163	0.3659620607575408	3.904366718820995e-8	1.0916155057660859e-7
0.45	-0.060114542104186486	0.3519519545294001	5.7596597047293585e-8	1.6380622491762864e-7
0.46	-0.0708017334615737	0.3379703794992568	8.415101887537801e-8	2.436274331163446e-7
0.47	-0.08176647719988794	0.32404782240432	1.21810819597723e-7	3.5927063984919627e-7
0.48	-0.09301336348176902	0.310216534023614	1.7474779771819993e-7	5.254980594004977e-7
0.49	-0.1045473567557174	0.2965106510828814	2.485197015122953e-7	7.626385391534818e-7
0.5	-0.11637383104129506	0.2829663301412038	3.5046619330236783e-7	1.0985000465923989e-6
0.51	-0.12849860990883838	0.26962189332831116	4.901962871450838e-7	1.5708775397138552e-6
0.52	-0.1409280091553862	0.2565179874646819	6.801812053314205e-7	2.2308229482570496e-6
0.53	-0.15366888745293833	0.24369775839017432	9.364661266442198e-7	3.1468856266925194e-6
0.54	-0.1667287562712618	0.2312070813296266	1.279512403057348e-6	4.410582366609628e-6
0.55	-0.1801155686176888	0.21909461010531808	1.7351785507324635e-6	6.143416377196731e-6
0.56	-0.19383833429488623	0.20741224409621883	2.335838293954229e-6	8.505842114953088e-6
0.57	-0.20790666071083247	0.1962152209706597	3.1216325144522994e-6	0.000011708656545900142
0.58	-0.2223310990858584	0.18556243857917512	4.141821826147973e-6	0.000016027408453078706
0.59	-0.23712323905511418	0.17551672845963281	5.456196544129099e-6	0.000021820541721201403
0.6	-0.252295763007282	0.16614523219550523	7.136461482426526e-6	0.000029552138226501823
0.61	-0.2678626222737365	0.1575197369234195	9.267469356477598e-6	0.00003982030294222283
0.62	-0.2838391812898707	0.14971708434176922	0.000011948116545701382	0.00005339243934329718
0.63	-0.30024238284499516	0.1428196605940495	0.00001529163621932783	0.0000712489063244004
0.64	-0.3170910017497108	0.13691568429891118	0.000019424901158304753	0.00009463680990476342
0.65	-0.3344057864140988	0.1321000382729446	0.00002448623293860308	0.00012513606083552897
0.66	-0.3522098139453157	0.1284746461490799	0.00003062103246981307	0.00016474008220379588
0.67	-0.3705287437757097	0.12614917507195156	0.00003797425695256651	0.00021595410662433867
0.68	-0.3893912355160761	0.12524172176225676	0.00004667855349255179	0.00028191436478970655
0.69	-0.40882928172295707	0.12587960000156373	0.00005683642496984165	0.00036653203758052477
0.7	-0.4288787003606783	0.12820021198947196	0.00006849437931477631	0.00047466639024212887
0.71	-0.449579790488317	0.1323517646299891	0.00008160617404934234	0.0006123322800435371
0.72	-0.47097779471688583	0.13849455827617246	0.0000959822375377617	0.0007869474969213752
0.73	-0.49312371160232915	0.14680185690368555	0.00011122028107657389	0.0010076267236506509
0.74	-0.5160750992182839	0.15746113903533315	0.00012661215020437488	0.001285529040948613
0.75	-0.539897197960369	0.1706751230955355	0.00014101954532497185	0.0016342668929514026
0.76	-0.5646637095698553	0.18666344475306262	0.00015271088675816724	0.0020703853961863417
0.77	-0.5904582841042787	0.20566376469364445	0.00015914775549075166	0.002613919897139355
0.78	-0.6173757845632718	0.22793323686342556	0.00015670849784099605	0.0032890422540110265
0.79	-0.64552444320872	0.25375055563031296	0.00014033259146406518	0.004124806071227727
0.8	-0.6750266876517413	0.2834164825771427	0.00010306682644978249	0.005155994485330384
0.81	-0.7060220685662987	0.31725644824997884	0.00003548881169446183	0.006424084831456456
0.82	-0.7386694209836954	0.3556218026922135	-0.00007501945926624565	0.007978331576296738
0.83	-0.7731490714375007	0.39889100507038217	-0.0002451836517320949	0.009876962380325038
0.84	-0.809666128453372	0.4474723895082363	-0.0004969692250883506	0.012188496165695617
0.85	-0.8484533771059454	0.5018033475644499	-0.0008589902439993802	0.01499314340975405
0.86	-0.8897750708166523	0.5623537275715427	-0.0013682277993403158	0.01838428731456221
0.87	-0.9339297235843866	0.6296258023201984	-0.0020721274055481853	0.022469962414241484
0.88	-0.9812562003016267	0.7041545846317826	-0.0030311284231014923	0.027374275107691193
0.89	-1.0321364891897784	0.7865087649354114	-0.004321639227384821	0.03323862537628297
0.9	-1.087001960678497	0.8772896235479399	-0.006039502264423069	0.040222561656700684
0.91	-1.1463396503944345	0.9771295328885788	-0.008303868520074253	0.048504031982956386
0.92	-1.210698765733179	1.0866873222998685	-0.011261297297839423	0.05827871526508144
0.93	-1.2807003967220343	1.2066415372991286	-0.015089727671287356	0.06975816360559373
0.94	-1.3570458496712008	1.3376744790797161	-0.020001602309038802	0.08316647821005585
0.95	-1.4405213188489217	1.4804443097462978	-0.026245203958364716	0.09873571286788874