0.	1.1884110959515386	2.33612114787993	0.	0.
0.01	1.2431882572752153	2.3332128119965634	-7.993605777301127e-15	-4.8405723873656825e-14
0.02	1.2972482182066687	2.327481330002449	-5.906386491005833e-14	-1.341149413747189e-13
0.03	1.3505086853401669	2.3189304788127663	-1.687538997430238e-14	-6.52811138479592e-14
0.04	1.4028875352104766	2.307566159359518	-2.0827783941967937e-13	-7.993605777301127e-14
0.05	1.4543026554904006	2.2933972776616827	-9.614531393253856e-14	-9.414691248821327e-14
0.06	1.504673079055808	2.276433344167235	-6.217248937900877e-14	-4.440892098500626e-16
0.07	1.5539173925795295	2.256688038769794	-1.283417816466681e-13	-3.765876499528531e-13
0.08	1.601954860074809	2.234176332052999	-1.5210055437364645e-13	-3.7703173916270316e-13
0.09	1.648705113479291	2.2089167631860347	-2.9909408283401717e-13	-1.4344081478157023e-13
0.1	1.6940883885565328	2.1809289550539406	-4.318767565791859e-13	-1.6475709685437323e-13
0.11	1.7380253760205702	2.150235211804718	-2.162714451969805e-13	-1.9184653865522705e-13
0.12	1.7804374267514729	2.1168607733199876	2.0250467969162855e-13	-1.1146639167236572e-13
0.13	1.821246155338306	2.0808310646010524	-4.833911049217932e-13	-1.0391687510491465e-13
0.14	1.8603740686645556	2.0421758147186755	-5.120348589571222e-13	-6.972200594645983e-14
0.15	1.8977440309067246	2.0009259236017436	-2.6911806116913795e-13	9.636735853746359e-14
0.16	1.93328011040294	1.9571155378485892	-2.440270208126094e-13	-4.796163466380676e-14
0.17	1.9669065114397197	1.9107799346435228	4.3653969328261155e-13	-3.0597746558669314e-13
0.18	1.9985483297457967	1.8619569334531147	6.59472476627343e-14	2.4935609133081016e-13
0.19	2.028131906040367	1.8106869793488973	3.9257486150745535e-13	3.5638159090467525e-13
0.2	2.0555827606997052	1.7570112747020088	1.141753358524511e-12	5.366818101038007e-13
0.21	2.0808287503717295	1.7009746494272298	2.0023982472139323e-12	8.93951579428176e-13
0.22	2.1037976146594604	1.642623475303693	5.894840171549731e-12	-8.038014698286133e-14
0.23	2.124419107636443	1.582006721036416	1.4021228622596027e-11	7.207567875866516e-13
0.24	2.1426225662988996	1.519175090544979	3.150590899281269e-11	7.946976410266871e-13
0.25	2.158338639635047	1.4541816417096884	6.409983654975804e-11	1.7073009672685657e-12
0.26	2.1714988302061102	1.3870816354101827	1.3175460722436583e-10	2.8759217229890055e-12
0.27	2.1820362021127493	1.317932471006321	2.585776037733467e-10	3.9614977964674836e-12
0.28	2.189882698240835	1.246794039453072	4.952425136650618e-10	5.856870544107551e-12
0.29	2.194973264851513	1.1737283004302845	9.268883438551256e-10	9.281686530471234e-12
0.3	2.197242774093154	1.098799793714059	1.6989600837291619e-9	1.2054135467565175e-11
0.31	2.1966281185974856	1.0220747835973572	3.0500499903496348e-9	1.713496011745974e-11
0.32	2.193066161177289	0.9436225132103946	5.3743627326241494e-9	2.5735635844625904e-11
0.33	2.1864951152243073	0.863514495296455	9.305506587509171e-9	4.0690895097839075e-11
0.34	2.1768543122188007	0.7818247132028177	1.5843240053214913e-8	7.283185166073736e-11
0.35	2.1640844201739857	0.6986291365916009	2.6555428966901218e-8	1.4223555666603716e-10
0.36	2.148126448849721	0.614008090800112	4.385505958381941e-8	2.9420588187889507e-10
0.37	2.128923442992535	0.5280428845849169	7.142304392360188e-8	6.156856136030342e-10
0.38	2.1064193805136573	0.44081854856632496	1.1479004413672556e-7	1.2843517360749956e-9
0.39	2.080559506614848	0.3524219178389181	1.821811248525762e-7	2.616682426292982e-9
0.4	2.05129036708338	0.262943934994763	2.85711664993471e-7	5.187101193016019e-9
0.41	2.0185599315992153	0.1724782940917976	4.4301585200301474e-7	1.0007976447568012e-8
0.42	1.9823175764642271	0.08112196921881876	6.795290965477818e-7	1.880638855755734e-8
0.43	1.942514248876333	-0.011024675615746826	1.031602530066067e-6	3.448175389664243e-8
0.44	1.899102052299612	-0.1038579960172189	1.5507091200017697e-6	6.180683531642472e-8
0.45	1.8520361040985303	-0.19726957980845616	2.309106208464584e-6	1.0850214948732173e-7
0.46	1.8012725743379252	-0.2911484921257934	3.407413404321602e-6	1.868540275840047e-7
0.47	1.7467680686969556	-0.3853776739050304	4.984598620971781e-6	3.1613754380988013e-7
0.48	1.6884836125977214	-0.47983804596152724	7.2311413277237335e-6	5.261825183344726e-7
0.49	1.6263810979140318	-0.5744040834151206	0.00001040614868430545	8.625878890056171e-7
0.5	1.5604249661815803	-0.6689456841476364	0.00001485950929058788	1.3942143525236261e-6
0.51	1.490582119384957	-0.7633274024005074	0.000021060375732018244	2.223947768387191e-6
0.52	1.416822030228231	-0.8574079535975312	0.000029633381786853263	3.5038921473162787e-6
0.53	1.339116773617594	-0.9510395253287673	0.00004140447534650704	5.4567457556942145e-6
0.54	1.257442092465911	-1.044068958113604	0.00005745841778281857	8.405521654042403e-6
0.55	1.1717755011525244	-1.1363350657124975	0.0000792102218307722	0.000012814641229486057
0.56	1.0821002190344369	-1.2276681513751782	0.00010849335901785828	0.000019346261900921036
0.57	0.988399705452103	-1.317891708725893	0.00014766733562299184	0.000028936836654169795
0.58	0.8906631645986015	-1.4068195947599962	0.00019974794151744746	0.00004290063984879744
0.59	0.788882898263142	-1.4942561609788547	0.00026856287598897577	0.00006306851346060682
0.6	0.6830549077825036	-1.5799954054122742	0.00035893554373611636	0.00009197272711669591
0.61	0.5731788332338367	-1.6638202131426127	0.000476898896558442	0.00013309146272644234
0.62	0.4592577926350826	-1.7455016100289087	0.0006299399495105495	0.00019117003711999203
0.63	0.3412982205651215	-1.824797891919738	0.0008272734825052197	0.00027264002849514135
0.64	0.21930966859585155	-1.9014543707438463	0.0010801400194552224	0.0003861624267240682
0.65	0.0933024004787919	-1.9752008973625323	0.0014021177774571347	0.0005433262853458132
0.66	-0.03671153154976936	-2.0457569082953833	0.0018094331124780538	0.0007595409742973125
0.67	-0.1707192863807122	-2.1128228585418722	0.00232123912909199	0.0010551679489374521
0.68	-0.3087113102400695	-2.176088336870435	0.002959825088832302	0.001456941738670281
0.69	-0.45068180843194494	-2.2352297634951155	0.003750692729665106	0.0019997419136146277
0.7	-0.5966317765213294	-2.289913374116335	0.0047224151070141	0.0027287789158219056
0.71	-0.7465721352410993	-2.339799007201423	0.005906156775535076	0.0037022618948872044
0.72	-0.9005272500806352	-2.3845458851363732	0.007334690389239729	0.004994614135525044
0.73	-1.058538709252886	-2.42382112947499	0.009040686647328267	0.006700291028510552
0.74	-1.2206689853460357	-2.457311883984825	0.0110539814889683	0.008938232393302048
0.75	-1.3870039253147555	-2.48474343238186	0.01339743465770793	0.011856937050438443
0.76	-1.557656142402258	-2.505897363254496	0.016080868607492915	0.0156400698746868
0.77	-1.7327592650307078	-2.5206495220175453	0.019092478273437852	0.02051240299606949
0.78	-1.9124628384779063	-2.52900628737154	0.022386890026565576	0.026745691529836968
0.79	-2.0969143073666414	-2.5311585125785916	0.025868930125817258	0.034663829573778226
0.8	-2.2862267511287806	-2.5275488850603693	0.029371956002185673	0.04464622040237742
0.81	-2.480423543016309	-2.5189559004829056	0.03262945779959958	0.057127726969498305
0.82	-2.679348263816419	-2.5065957131387826	0.03523853774011565	0.07259276100024081
0.83	-2.8825230551542416	-2.4922412007568933	0.036613912136113314	0.09155995695584052
0.84	-3.0889316948013805	-2.47835363237296	0.035931360105647236	0.11455235850972478
0.85	-3.2966940690288054	-2.46821480174506	0.03206023070171593	0.1420460289604879
0.86	-3.502585940184457	-2.466034369146885	0.023485985694508216	0.17438735199562805
0.87	-3.701341099932874	-2.476983696314663	0.008226124586776518	0.21166590346697456
0.88	-3.884651847074474	-2.5070663518742666	-0.016253313035650585	0.2535254847870938
0.89	-4.039755882401388	-2.5626718594587246	-0.053107703349491775	0.2988907832190506
0.9	-4.147477667316866	-2.6495201358380918	-0.10614912991911307	0.34557941541342974
0.91	-4.179548479389086	-2.7705182551601153	-0.17981632810444514	0.38975962276049847
0.92	-4.095045351788332	-2.9216395297421554	-0.2790388497185976	0.4251925266880714
0.93	-3.8357721499602646	-3.08419979792068	-0.40895674429021645	0.44214678978681077
0.94	-3.320503609103553	-3.210419469084971	-0.5744882700714804	0.42572615821975024
0.95	-2.4378446332198855	-3.195761186697704	-0.7798804855684138	0.35287615419051077