0.	1.1594942327507525	2.31881131523134	0.	0.
0.01	1.1424285864432244	2.309938601791322	-2.1316282072803006e-14	1.3322676295501878e-14
0.02	1.1252822457006537	2.2987979377304866	5.728750807065808e-14	7.593925488436071e-14
0.03	1.1080973657377942	2.2854287751239895	1.7541523789077473e-14	3.907985046680551e-14
0.04	1.0909142515255161	2.2698716061581927	-3.885780586188048e-14	-2.6201263381153694e-14
0.05	1.0737714772843365	2.2521681624110554	4.218847493575595e-15	-1.4921397450962104e-13
0.06	1.056705124233589	2.2323609856150974	1.7719159473017498e-13	-2.8066438062523957e-13
0.07	1.0397520343233744	2.210494908648044	-2.4291679778798425e-13	-1.4654943925052066e-13
0.08	1.0229465454800217	2.186613507751541	-1.3322676295501878e-14	-2.8821389719269064e-13
0.09	1.0063164298702214	2.160766995420194	-1.4055423491754482e-13	-5.03597163969971e-13
0.1	0.9898947001967096	2.132998777979349	-2.565725409908737e-13	2.389199948993337e-13
0.11	0.9737088693039191	2.1033586333328005	-3.2240876635114546e-13	3.206324095117452e-13
0.12	0.9577853565502583	2.0718959888867783	-6.150635556423367e-14	-3.752553823233029e-13
0.13	0.9421484119500931	2.0386605032528267	-1.8041124150158794e-13	-2.9976021664879227e-13
0.14	0.926821464875687	2.0037050333845166	2.1516122217235534e-13	-3.694822225952521e-13
0.15	0.9118250450116118	1.9670811193114939	-5.661027202563673e-13	-4.75175454539567e-13
0.16	0.8971781024193548	1.9288419608477592	-2.5490720645393594e-13	-1.6142642778049776e-13
0.17	0.882897657905059	1.8890416075647534	1.8618440122963875e-13	-2.751132655021138e-13
0.18	0.8689987558513955	1.8477349782757955	-4.0389913635863195e-13	2.0228263508670352e-13
0.19	0.8554944018851436	1.8049777934878792	-4.1389114358025836e-13	-7.480682739924305e-13
0.2	0.8423955877147091	1.760826587825541	-1.0486056467584604e-12	-9.5812247025151e-13
0.21	0.8297111785750584	1.7153386475662102	-2.987166070056446e-12	-1.191047260817868e-12
0.22	0.8174473052992894	1.6685716077239259	-7.0640160387824835e-12	-2.7198243657267085e-12
0.23	0.8056106743644766	1.620585381454542	-1.4027445871533928e-11	-7.037037619284092e-12
0.24	0.7942012216671381	1.5714383946126336	-2.8871793844587046e-11	-1.493227763660343e-11
0.25	0.7832196568868469	1.521190330227121	-5.6236237888640517e-11	-3.15707460174508e-11
0.26	0.7726640536688565	1.4699034510902487	-1.0891021418046876e-10	-6.610290093078675e-11
0.27	0.7625295405258861	1.4176383987338497	-2.0548329704439539e-10	-1.3261791664831435e-10
0.28	0.7528089743962127	1.3644571535005157	-3.773665824269301e-10	-2.598521398056164e-10
0.29	0.74349266776285	1.3104222503506824	-6.750932035615165e-10	-4.958620181128026e-10
0.3	0.7345683162133307	1.2555967324664228	-1.1814155209677324e-9	-9.227607566941742e-10
0.31	0.7260209816396833	1.2000441665645263	-2.021341205526994e-9	-1.6782257805658674e-9
0.32	0.7178329629512069	1.1438285779268167	-3.389477809534469e-9	-2.9891724651065488e-9
0.33	0.7099837328898627	1.0870144163990132	-5.573971728622951e-9	-5.217365206533486e-9
0.34	0.7024501664613529	1.0296665003307648	-9.000529099800758e-9	-8.934216699785225e-9
0.35	0.695204971677061	0.9718493667207324	-1.428106211065483e-8	-1.502664304098289e-8
0.36	0.6882191775853989	0.9136299236141624	-2.2285828960022513e-8	-2.4855065672291232e-8
0.37	0.6814598465695663	0.8550732642253827	-3.422755756599116e-8	-4.0458106420615536e-8
0.38	0.6748908878049992	0.7962454332649118	-5.177413109347384e-8	-6.48679422399212e-8
0.39	0.6684726899591305	0.7372126203102937	-7.71797297183241e-8	-1.025281269884104e-7
0.4	0.6621621245023256	0.6780411876198343	-1.1344582462324837e-7	-1.5986956913849326e-7
0.41	0.6559123368102593	0.6187975372304634	-1.6450129602940677e-7	-2.4608154303162877e-7
0.42	0.6496726304876733	0.5595481037101673	-2.3541235905089053e-7	-3.7416163845005457e-7
0.43	0.6433885113698743	0.5003586070509971	-3.326063844344418e-7	-5.622838945562592e-7
0.44	0.637000617906734	0.4412965974848361	-4.6409155673998725e-7	-8.356112682350592e-7
0.45	0.6304459729062444	0.38242752210446773	-6.396649865347825e-7	-1.2286378502368578e-6
0.46	0.6236568424791591	0.3238171747848838	-8.710777097409306e-7	-1.7882054689222215e-6
0.47	0.6165607567192637	0.2655309870727232	-1.1721005175324706e-6	-2.577372095191599e-6
0.48	0.6090803081673812	0.207633925041518	-1.5584443220362232e-6	-3.6802863761231652e-6
0.49	0.6011327570050025	0.15018979924288287	-2.0474516342350313e-6	-5.208335545986431e-6
0.5	0.5926308257988275	0.09326344412481397	-2.6574433875659054e-6	-7.307798917111086e-6
0.51	0.5834798619044466	0.036917236951396315	-3.4065999140464598e-6	-0.000010169339636156849
0.52	0.5735806560871629	-0.018786873421201833	-4.311174363613723e-6	-0.000014039668502829894
0.53	0.5628273106503282	-0.0737880377324133	-5.382833630718231e-6	-0.000019235800139710824
0.54	0.5511071432172339	-0.12802723104402264	-6.624839358426726e-6	-0.000026162350407032964
0.55	0.5383007144052566	-0.18144458730614912	-8.026725914378474e-6	-0.00003533241018585653
0.56	0.524282312347368	-0.2339862918760837	-9.557028220474884e-6	-0.000047392541845853176
0.57	0.5089156681962479	-0.28559558529712475	-0.000011153617882175837	-0.00006315260698330771
0.58	0.4920586263690095	-0.336220772319532	-0.000012710925216763425	-0.00008362106359355304
0.59	0.4735594029620874	-0.3858122927251177	-0.000014063423657340035	-0.00011004656700575044
0.6	0.4532582555822526	-0.43432178831462265	-0.000014964456257759995	-0.00014396669207883406
0.61	0.43098235888050823	-0.4817057651537083	-0.000015059396306194017	-0.00018726470069968526
0.62	0.40655177530798364	-0.5279229342553855	-0.000013852020822324729	-0.0002422352717612597
0.63	0.3797732309080252	-0.5729368930640872	-0.000010662647286552307	-0.00031166034616547655
0.64	0.35044310960648106	-0.6167140383114084	-4.576604136996565e-6	-0.0003988959722892593
0.65	0.31834156570790606	-0.6592270750580491	5.6188794028688704e-6	-0.0005079713914450945
0.66	0.2832378261913057	-0.7004536690309606	0.000021511136824303723	-0.0006437012933103725
0.67	0.2448849874639793	-0.7403767177222723	0.00004515444137337399	-0.0008118127318077484
0.68	0.2030197762619923	-0.7789874489659416	0.0000791804201624724	-0.0010190873433599812
0.69	0.15735986862864804	-0.8162840050412907	0.00012692963113103417	-0.0012735198161110128
0.7	0.10760553172366194	-0.8522727319743941	0.0001926069375686179	-0.0015844945057031934
0.71	0.05343486593972657	-0.886971569253544	0.00028146419364349917	-0.00196297982899285
0.72	-0.00549720689083022	-0.9204072565628925	0.00040001402141121023	-0.002421741131734101
0.73	-0.06955990688818775	-0.9526214197153782	0.0005562774056557807	-0.002975574340211895
0.74	-0.13915333654479373	-0.9836695218785627	0.0007600705982763745	-0.0036415582166640093
0.75	-0.2147029300736844	-1.013623105088968	0.0010233338636842504	-0.004439325236939906
0.76	-0.2966735929452366	-1.0425738503148716	0.0013605072413402919	-0.00539135482232278
0.77	-0.3855615616912048	-1.0706350753946912	0.0017889571002195348	-0.006523279907157287
0.78	-0.4819086696348852	-1.0979449628912428	0.0023294571369826267	-0.007864216675446123
0.79	-0.58629779380952	-1.1246734197459192	0.0030067287878957627	-0.009447102477307068
0.8	-0.6993653959073654	-1.1510225243417445	0.0038500416257166714	-0.011309055532952916
0.81	-0.8217978947554274	-1.1772365392700537	0.004893881134678368	-0.013491735250074077
0.82	-0.95434507004171	-1.203606834584822	0.006178681600460756	-0.016041719159699763
0.83	-1.0978219739585886	-1.230478932516704	0.007751621632287042	-0.0190108805865965
0.84	-1.253114135624927	-1.2582644751997898	0.009667496388869878	-0.022456763870390084
0.85	-1.421185720194239	-1.2874513709799142	0.01198964326441021	-0.02644296217173636
0.86	-1.603083505744197	-1.3186163828656565	0.014790933586042332	-0.031039486003953787
0.87	-1.7999449953770048	-1.3524419427602594	0.01815481271132202	-0.03632312507315527
0.88	-2.013003043484421	-1.3897347375228855	0.022176387203417747	-0.042377804394386764
0.89	-2.2435863807220753	-1.4314382108900876	0.026963530166552285	-0.049294898873491366
0.9	-2.493129500129026	-1.4786712842000065	0.03263803225096229	-0.0571736298416885
0.91	-2.7631672714363105	-1.5327386344789649	0.039336701429697474	-0.06612134777338374
0.92	-3.0553377455086776	-1.5951683664970704	0.047212465367630685	-0.07625392161988254
0.93	-3.3713693945893968	-1.6677370077463092	0.056435427982963304	-0.08769607423702386
0.94	-3.7130820307152446	-1.7525101693250944	0.06719381645800704	-0.1005819059055224
0.95	-4.082363991435086	-1.8518683670351757	0.07969484978709396	-0.11505533135791812