0.	-2.2906668293272574	-4.250654622496452	0.	0.
0.01	-2.2639549861747668	-4.2444302160879595	3.552713678800501e-15	-1.0658141036401503e-14
0.02	-2.237242626202189	-4.236770353228355	7.105427357601002e-15	-7.105427357601002e-15
0.03	-2.2105574715088743	-4.227706032008829	1.7763568394002505e-14	1.4210854715202004e-14
0.04	-2.183925458926975	-4.217270234272309	-7.105427357601002e-15	-1.4210854715202004e-14
0.05	-2.157370936232603	-4.205498299481814	3.197442310920451e-14	-3.552713678800501e-15
0.06	-2.130915308130973	-4.192427248530727	1.4210854715202004e-14	-2.1316282072803006e-14
0.07	-2.1045825851064137	-4.178098203185293	6.750155989720952e-14	0.
0.08	-2.0783936566518655	-4.162550539662611	2.4868995751603507e-14	0.
0.09	-2.0523596146688092	-4.145835169049143	4.618527782440651e-14	-3.552713678800501e-15
0.1	-2.0265014996157618	-4.12799175674272	1.0658141036401503e-14	-2.842170943040401e-14
0.11	-2.0008321407641283	-4.109071166389754	-1.4210854715202004e-14	-4.973799150320701e-14
0.12	-1.9753636061814355	-4.0891240207469295	0.	7.105427357601002e-15
0.13	-1.9501053719686645	-4.068201766733591	3.552713678800501e-15	-5.3290705182007514e-14
0.14	-1.9250663898352727	-4.046361544491937	-6.039613253960852e-14	-1.4210854715202004e-14
0.15	-1.9002517891707047	-4.023658832013638	8.171241461241152e-14	-1.0658141036401503e-14
0.16	-1.8756648941462526	-4.000152330820377	7.283063041541027e-14	-3.552713678800501e-14
0.17	-1.8513066343803217	-3.9759026733871288	2.3803181647963356e-13	8.171241461241152e-14
0.18	-1.8271754135082467	-3.9509724771969985	7.318590178329032e-13	2.4868995751603507e-13
0.19	-1.8032669680080442	-3.9254262546465313	1.5685230891904212e-12	4.831690603168681e-13
0.2	-1.7795743403062616	-3.8993304805793656	4.0678571622265736e-12	1.4210854715202004e-12
0.21	-1.7560876511778112	-3.872753502842695	8.959943897934863e-12	3.375077994860476e-12
0.22	-1.7327929135721885	-3.8457648951497383	1.9856116750816e-11	8.352429858859978e-12
0.23	-1.7096778468376819	-3.8184388361890456	4.2579273440424004e-11	1.9607426793299965e-11
0.24	-1.6867191485425082	-3.7908475380600812	8.784262206518179e-11	4.3502978996912134e-11
0.25	-1.6638951691586286	-3.7630662542866773	1.7565504606409377e-10	9.324097050011915e-11
0.26	-1.6411800734474191	-3.735175236976634	3.4087221933987166e-10	1.9310064658384363e-10
0.27	-1.6185434168731678	-3.707252928722518	6.43685993395593e-10	3.879065957335115e-10
0.28	-1.5959510227384968	-3.6793808644587216	1.1845227021467508e-9	7.57452767174982e-10
0.29	-1.5733644820989845	-3.6516424069642213	2.128128784306682e-9	1.4413146232072904e-9
0.3	-1.550740927206272	-3.6241227060307146	3.738656495499981e-9	2.6764546134927514e-9
0.31	-1.528032864954719	-3.596908777414072	6.431639221204932e-9	4.8588972845209355e-9
0.32	-1.5051878500615592	-3.5700894149029985	1.0849031006898713e-8	8.63764526570776e-9
0.33	-1.4821482470353864	-3.54375516854007	1.7964940646209016e-8	1.5054972379857645e-8
0.34	-1.45885125804746	-3.517998319191477	2.923347786065733e-8	2.576061319814471e-8
0.35	-1.4352269587517172	-3.492911682021358	4.679148535302602e-8	4.332252601102482e-8
0.36	-1.4112009861411217	-3.468593238715183	7.373274701905075e-8	7.168251414668703e-8
0.37	-1.3866914876705767	-3.4451390738654624	1.1447078129833699e-7	1.1680678824177448e-7
0.38	-1.3616099277506581	-3.422648030148874	1.7521189210611965e-7	1.876113948640068e-7
0.39	-1.3358603328585588	-3.4012203305333344	2.6456269885954953e-7	2.972572943349405e-7
0.4	-1.3093389856896493	-3.380957665789648	3.94291562955118e-7	4.649481049057158e-7
0.41	-1.2819338532364508	-3.361962933976084	5.802605773652658e-7	7.183903001362069e-7
0.42	-1.2535240753154007	-3.3443402080738736	8.43548582096787e-7	1.0971289405858897e-6
0.43	-1.2239795118713737	-3.3281935142086922	1.2117561567492885e-6	1.65701571930299e-6
0.44	-1.193159465140166	-3.313630743037365	1.7204797675418604e-6	2.4761268413442394e-6
0.45	-1.1609131094285345	-3.300757396597369	2.414912984249895e-6	3.662514910018899e-6
0.46	-1.1270780187567535	-3.289680338682569	3.3515071358181103e-6	5.364247758876672e-6
0.47	-1.091479541345299	-3.2805065245516616	4.5995742983251375e-6	7.7822781676673e-6
0.48	-1.0539299761020722	-3.273342671085821	6.242686170665479e-6	0.00001118676476608016
0.49	-1.0142273838316846	-3.2682938770495973	8.37966192257511e-6	0.000015937578876190628
0.5	-0.9721561142305735	-3.265467283965034	0.000011124877961066204	0.000022509841826945376
0.51	-0.927482363965364	-3.264965202757633	0.000014607572046188011	0.00003152544995543849
0.52	-0.8799568120348109	-3.266889137277822	0.000018969710184890687	0.0000437917332440918
0.53	-0.8293112582313746	-3.2713376761946513	0.000024361922243087974	0.00006034848860281272
0.54	-0.775257423030185	-3.2784048902199956	0.000030936859934271865	0.00008252486453841357
0.55	-0.7174861329812199	-3.28818499880299	0.000038839230040998984	0.0001120077399150432
0.56	-0.6556672186632326	-3.300757111177777	0.00004819152936974547	0.0001509233437069213
0.57	-0.5894415962580641	-3.31620492862789	0.00005907454111309107	0.00020193446277261273
0.58	-0.5184273940623303	-3.3345975707434903	0.0000715010272624994	0.0002683550451507699
0.59	-0.4422129180232588	-3.3559957051867286	0.00008538139924318955	0.0003542851266793434
0.6	-0.36035857629137524	-3.3804517081774	0.00010047949331060124	0.00046476853629329185
0.61	-0.2723852454449496	-3.408001990042621	0.00011635634002615802	0.0006059764602852624
0.62	-0.17778596679958625	-3.4386695171052715	0.00013230030822164451	0.0007854197116721195
0.63	-0.07601054547265207	-3.472458656159173	0.00014724019409051436	0.0010121937125546765
0.64	0.033528679068353995	-3.50935599125917	0.0001596397691283613	0.001297258882239305
0.65	0.15147102798981393	-3.5493226342414523	0.0001673697006516761	0.0016537610431015537
0.66	0.27849702522274633	-3.5922925778738346	0.00016755578998584042	0.0020973943835720377
0.67	0.41534240837673053	-3.6381716027515623	0.00015639790377441898	0.0026468134363035745
0.68	0.5627993625859649	-3.6868275843724234	0.0001289592645381532	0.0033240957245368463
0.69	0.7217240384788024	-3.738088401343905	0.00007892136489040524	0.004155259934838895
0.7	0.8930355873831584	-3.7917375636343476	-1.6962165343414881e-6	0.005170846692193365
0.71	1.0777277499451543	-3.847502812676046	-0.0001228542263262966	0.006406563038963142
0.72	1.2768733634536744	-3.9050547984893313	-0.00029685154304104344	0.007903995840131017
0.73	1.4916286712263798	-3.9639923076569286	-0.0005387190759797988	0.009711403770477745
0.74	1.7232498899842277	-4.023838329675915	-0.0008666544271456189	0.011884590688516994
0.75	1.9730841674210708	-4.084024004085014	-0.0013024828913223985	0.014487855058060717
0.76	2.2426015909025487	-4.143881026452378	-0.001872152601968935	0.01759505859968513
0.77	2.5333817245382733	-4.202621138694379	-0.0026062373810233908	0.02129076278900932
0.78	2.8471447719574243	-4.259328886923427	-0.0035404487365013892	0.02567152437127973
0.79	3.185747702938105	-4.3129294257321185	-0.004716129059584517	0.030847263753500442
0.8	3.5512097545974726	-4.362183472772945	-0.006180699422849045	0.03694284631813005
0.81	3.9457124447814422	-4.405646227323075	-0.007988047621335426	0.044099750772765844
0.82	4.371628229368138	-4.44164963180737	-0.010198802073304591	0.052478010836273015
0.83	4.8315263246339555	-4.468269447954025	-0.012880428732625404	0.06225835767904808
0.84	5.328190929208876	-4.483282111163918	-0.01610716713923921	0.07364462992859622
0.85	5.864638666214557	-4.484126371114601	-0.019959647483158705	0.08686657072142889
0.86	6.444131232151918	-4.4678541903472775	-0.024524186036106954	0.1021830313808918
0.87	7.070195157325603	-4.431074358469603	-0.02989165232220614	0.11988572385390572
0.88	7.746635528091982	-4.369888566419148	-0.03615585463261084	0.1403036535681199
0.89	8.477536371489023	-4.279828465894546	-0.04341118200785843	0.16380822229127823
0.9	9.267291974325797	-4.155760630068759	-0.051749935018523985	0.1908197699662555
0.91	10.12058964596918	-3.991814146398875	-0.06125838337157319	0.22181481899443867
0.92	11.042421304088297	-3.781273724246093	-0.07201238711033398	0.2573353231841402
0.93	12.038059916728457	-3.5164755730424755	-0.08407195684931423	0.2979992791610524
0.94	13.113059990722359	-3.188689036528528	-0.09747502861243973	0.34451435280548104
0.95	14.273210295717451	-2.787997983244491	-0.11223024908776935	0.3976931206976779