0.	0.	0.	0.	0.
0.01	0.0011663121913931818	-0.0029227777448372905	-8.881784197001252e-16	1.0658141036401503e-14
0.02	0.0023297112648439366	-0.006850609821228204	-7.993605777301127e-14	1.0658141036401503e-14
0.03	0.0035132366732995024	-0.011737008051596831	-2.1316282072803006e-13	2.842170943040401e-14
0.04	0.004748451068621762	-0.01753595538204422	7.105427357601002e-15	0.
0.05	0.00605345367129928	-0.024199720959870774	-2.1316282072803006e-13	1.9895196601282805e-13
0.06	0.00745066145606188	-0.03169320896350314	-6.679101716144942e-13	-5.258016244624741e-13
0.07	0.00895748926386375	-0.039964192872062654	-7.673861546209082e-13	-8.668621376273222e-13
0.08	0.010591535350428671	-0.04897253436053006	-4.405364961712621e-13	-9.094947017729282e-13
0.09	0.012373010331486967	-0.058695764714485676	-1.4352963262354024e-12	4.547473508864641e-13
0.1	0.014309425756451333	-0.06908011788753754	1.1226575225009583e-12	4.533262654149439e-12
0.11	0.01640070472694788	-0.08010318705052555	2.7000623958883807e-12	1.4267698134062812e-11
0.12	0.01872288852879933	-0.09171272588137924	1.0771827874123119e-11	5.134381808602484e-11
0.13	0.021210175386897845	-0.10389818292071595	1.3727685654885136e-11	1.5585044366162037e-10
0.14	0.02387592969731145	-0.11660738832671314	2.7284841053187847e-12	4.2507508624112234e-10
0.15	0.02676487994219201	-0.12982278476559372	-9.697487257653847e-11	1.0685141660360387e-9
0.16	0.02987690405768717	-0.14352130547192132	-4.6136960918374825e-10	2.489741746103391e-9
0.17	0.033203926543563966	-0.15766676065351248	-1.5359091776190326e-9	5.430777605397452e-9
0.18	0.036765474728468917	-0.17223194953729148	-4.255099383954075e-9	1.1165880664520955e-8
0.19	0.04056510311770012	-0.1871961914670095	-1.0549172202445334e-8	2.1790711457470024e-8
0.2	0.04459814141918628	-0.20252268315589106	-2.4044396695899195e-8	4.0531048739467224e-8
0.21	0.04887618867985566	-0.21821176766238182	-5.12904989591334e-8	7.211913555238425e-8
0.22	0.053407531477148495	-0.23421987095785823	-1.0347395118515124e-7	1.2313155650645058e-7
0.23	0.05818902370685919	-0.25055518473683946	-1.9905485260096611e-7	2.0220313956542668e-7
0.24	0.06321855587776781	-0.2671743840837735	-3.673735022857727e-7	3.199396303443791e-7
0.25	0.06851860842749602	-0.2840735772089431	-6.53568292818818e-7	4.882760151758703e-7
0.26	0.07406184378226044	-0.30120345031532736	-1.125158121340064e-6	7.190345669982889e-7
0.27	0.07987551066992182	-0.3185878376253015	-1.8804818751050334e-6	1.0210877405825158e-6
0.28	0.08597576705415122	-0.3362003672838938	-3.059317521092453e-6	1.3957394315866622e-6
0.29	0.09231967310938671	-0.3540100891687388	-4.856105022099655e-6	1.829500092753733e-6
0.3	0.09896204537869835	-0.37200839941802144	-7.535786323842331e-6	2.283618727005887e-6
0.31	0.10585415207134474	-0.39019432696127865	-0.000011452573744463734	2.6790718905544963e-6
0.32	0.11302205884186378	-0.40852103838403764	-0.000017071755451070203	2.876310759347689e-6
0.33	0.12048924920759418	-0.4270202504667253	-0.000024994477257678227	2.648071387056916e-6
0.34	0.12823675030688264	-0.44565354510221766	-0.00003598528786596944	1.644194583150238e-6
0.35	0.13628025674876199	-0.4644214263938977	-0.00005100235034660727	-6.533686729426336e-7
0.36	0.14460729585164245	-0.4832688212572549	-0.00007122950671600847	-4.98700973139421e-6
0.37	0.15322873406751114	-0.5022377160087075	-0.00009810992190750767	-0.000012392971115104956
0.38	0.1621769333003158	-0.5213011193768509	-0.00013337994005269138	-0.000024286132607187483
0.39	0.17139252883885092	-0.5404645908179617	-0.00017910250824115792	-0.000042561925283735036
0.4	0.1809238876558652	-0.5596671370913384	-0.00023769821450514428	-0.00006971722996240715
0.41	0.19079011795531642	-0.5789142898897381	-0.00031197281111872144	-0.00010899275885378756
0.42	0.20095643844524602	-0.5982472929652403	-0.0004051390575341429	-0.0001645387591366898
0.43	0.21145926237988988	-0.6175871666999342	-0.0005208304270354347	-0.00024160597654088178
0.44	0.22224962737959686	-0.6369426428763916	-0.0006631047921246136	-0.00034676440932912556
0.45	0.23339607324328426	-0.6563448067848014	-0.0008364346729194949	-0.00048815186133310817
0.46	0.24490544797970415	-0.6757545851511395	-0.0010456816228838761	-0.0006757535441010987
0.47	0.2567709953054873	-0.6951337206660355	-0.0012960501332486274	-0.0009217152176859145
0.48	0.26893958355736913	-0.7145163649198594	-0.0015930207338783475	-0.001240691844373032
0.49	0.28151824452078245	-0.7338731385099493	-0.0019422532298563056	-0.0016502335829216008
0.5	0.294425885947021	-0.7532168993499511	-0.0023494605326845885	-0.002171207397168473
0.51	0.307723391664922	-0.7724961619917963	-0.002820247318197744	-0.002828263126446018
0.52	0.32143427655114465	-0.7917421312465365	-0.003359908001698386	-0.003650335738626609
0.53	0.3355467631847091	-0.8109186672674866	-0.003973178844660197	-0.004671191141738973
0.54	0.35005839838441943	-0.8300500901047485	-0.004663943456876041	-0.005930015919375364
0.55	0.3649605605637589	-0.8490971087829564	-0.0054348788222569056	-0.007472050334342839
0.56	0.3803634849491573	-0.8680670040853045	-0.006287043836834982	-0.009349260708575002
0.57	0.3961915254503765	-0.88697023370284	-0.007219401357303923	-0.01162106058683321
0.58	0.41257309604037573	-0.9058135918999426	-0.008228266141600216	-0.014355072985239303
0.59	0.42938176051040955	-0.9245384752079531	-0.00930668111743671	-0.017627944043994148
0.6	0.4467858058413299	-0.9431789774162667	-0.010443691947898515	-0.02152617714645544
0.61	0.46475034064468446	-0.9617620687222654	-0.011623558430528647	-0.02614703880584557
0.62	0.48326752846435284	-0.9801710118589426	-0.012824838480980816	-0.03159949324634681
0.63	0.5024805440627915	-0.9985576479568294	-0.014019414477843384	-0.038005158929024674
0.64	0.5223575148791042	-1.0168381167983398	-0.015171320552781253	-0.045499346000440255
0.65	0.5430624590336492	-1.035033745847727	-0.01623558331704089	-0.054232072040747425
0.66	0.5644744990037793	-1.0531971044836723	-0.01715678821437905	-0.06436918754224052
0.67	0.5867618248519761	-1.0711713312541633	-0.0178676540731999	-0.0760934339602386
0.68	0.6101436322382483	-1.0891447305343718	-0.01828738635862237	-0.0896056740758695
0.69	0.6344196695887945	-1.107035730105281	-0.018319888590099254	-0.1051259684904835
0.7	0.6599976877096196	-1.1248606385875064	-0.017851807567808464	-0.12289487696193646
0.71	0.6867769594908282	-1.1426478605254715	-0.016750516473223342	-0.14317451715908192
0.72	0.7149325556331974	-1.1603398824954638	-0.014861794723572075	-0.16624999948754748
0.73	0.7446789885469798	-1.1780416336169424	-0.012007456184790044	-0.1924304831217114
0.74	0.7761984326282345	-1.1956769714537359	-0.007982512913827122	-0.22205063660447877
0.75	0.8095744029950538	-1.2131779131361213	-0.0025527743036377615	-0.25547154036786424