0.	0.5298598841900238	1.092975830707227	0.	0.
0.01	0.5179172934114615	1.0825224237776663	6.905587213168474e-14	-1.5276668818842154e-13
0.02	0.5063406399979575	1.0714750247317417	1.7419399256368706e-13	-1.680877659282487e-13
0.03	0.49513159517198685	1.0598671769215908	2.2015722578316854e-13	-1.4299672557172016e-13
0.04	0.48429034677138416	1.0477313649307842	5.162537064506978e-13	-4.509725926027386e-13
0.05	0.47382068520105575	1.0351000460795263	5.998535002049721e-13	-1.389999226830696e-13
0.06	0.4637250008413949	1.0220045023085313	1.7613688285678109e-13	2.3869795029440866e-13
0.07	0.45400342110505687	1.0084756096291538	7.3568928726786e-13	9.103828801926284e-14
0.08	0.4446561648493331	0.9945432560853668	1.0581535647702367e-12	-3.019806626980426e-14
0.09	0.4356794487148856	0.9802343098814824	1.1138312494551883e-12	3.800293413291911e-13
0.1	0.4270706013394147	0.965576517815681	6.594169654761117e-13	8.693046282814976e-14
0.11	0.418824979145881	0.9505957054113676	1.5837331446277858e-13	-1.0506040482027856e-12
0.12	0.41093684164893146	0.9353164192313483	1.8887669206435476e-12	-2.97983859809392e-13
0.13	0.4033996625991918	0.9197616251935857	1.7819079545233762e-14	-2.3647750424515834e-13
0.14	0.39620540518818004	0.9039537331457773	-1.0869083411080283e-13	2.2115642650533118e-13
0.15	0.389345854572588	0.8879129889524583	1.2878587085651816e-13	-7.713829575095588e-13
0.16	0.3828111067958886	0.8716580367694423	1.92507121354879e-12	2.453592884421596e-13
0.17	0.3765932562569959	0.8552074623873621	1.131428284395497e-12	9.282574708890934e-13
0.18	0.3706807866330921	0.8385772309884881	1.04638520070921e-12	-4.5297099404706387e-13
0.19	0.36506331855126606	0.8217821448672051	3.663125358599473e-12	-4.196532010780629e-12
0.2	0.3597299620196435	0.8048356624294897	8.703759935002608e-12	-7.685518887967646e-12
0.21	0.3546700051672854	0.787750586809109	2.0469459460770167e-11	-1.668343241334469e-11
0.22	0.34987137750364034	0.7705360807863595	4.70021799259257e-11	-3.385536295752445e-11
0.23	0.34532325319625007	0.7532021660376247	1.0742179368250504e-10	-5.904987609994805e-11
0.24	0.34101446472330965	0.7357567848750072	2.351355776752939e-10	-9.974698844672503e-11
0.25	0.3369342781891021	0.7182064031124917	5.026339899849575e-10	-1.447932884701686e-10
0.26	0.3330710177403197	0.7005561823747859	1.0159358909689331e-9	-1.7057399936959428e-10
0.27	0.3294158358774086	0.6828110958663365	1.982327468841305e-9	-1.0489131785362815e-10
0.28	0.32595783152811375	0.6649735823567484	3.73371378259435e-9	2.375605268056802e-10
0.29	0.32268788609446963	0.6470454561967863	6.781578520964615e-9	1.2449359321209386e-9
0.3	0.3195972266215286	0.6290274678351805	1.1890485762666714e-8	3.674745951975922e-9
0.31	0.31667798877061554	0.6109200377134323	2.0127163824490424e-8	8.93283236269582e-9
0.32	0.3139224120570357	0.5927206683316838	3.286506217170526e-8	1.953673700594294e-8
0.33	0.3113241500600645	0.5744279758534093	5.1662150335474166e-8	3.97153174791498e-8
0.34	0.30887775721826277	0.5560390955433814	7.79571109887911e-8	7.628224885092294e-8
0.35	0.30657794539854827	0.5375502865968899	1.1241516728599521e-7	1.397952074100317e-7
0.36	0.3044214350215979	0.5189582249882418	1.5373364292692315e-7	2.459508788854592e-7
0.37	0.30240534404922564	0.500257929427532	1.9676720930394964e-7	4.1714896015232483e-7
0.38	0.30052795641228497	0.48144440776992037	2.2974638008710357e-7	6.841593695461334e-7
0.39	0.29878874293227714	0.46251294574752017	2.3037258489733148e-7	1.08770319473539e-6
0.4	0.297187974289099	0.4434569354727165	1.6069843311594667e-7	1.6796840349164732e-6
0.41	0.2957274473541048	0.42427138392475544	-3.947257748437849e-8	2.5239912918584295e-6
0.42	0.29440940194522125	0.40495016023478697	-4.6066857484206025e-7	3.696549275788996e-6
0.43	0.29323790559553553	0.3854887288432438	-1.233718892434954e-6	5.284491370272093e-6
0.44	0.29221770710646444	0.36588140347536546	-2.541740059258668e-6	7.384165089996397e-6
0.45	0.29135467751629285	0.34612324516310966	-4.634553792903784e-6	0.000010097726098390325
0.46	0.29065576500232065	0.326210257178681	-7.846136200029274e-6	0.000013527876811525452
0.47	0.2901288807564388	0.30613754244437574	-0.000012615442301633362	0.000017770228241120734
0.48	0.28978249297542724	0.2859017178467188	-0.000019511406109506968	0.000022902488962694978
0.49	0.2896264179758413	0.265500950720056	-0.000029262759654202775	0.000028969632615449825
0.5	0.2896710043543744	0.24493304911663774	-0.00004279326729744737	0.00003596380722478698
0.51	0.28992728844794446	0.22419703432647142	-0.0000612632485883502	0.00004379757404032736
0.52	0.290407047045367	0.20329341777898186	-0.00008611803681768393	0.00005226882863712534
0.53	0.29112198286052837	0.18222188399807393	-0.00011914405975077536	0.00006101535779637346
0.54	0.2920850123797682	0.16098556501605668	-0.00016253339800248456	0.00006945669924862674
0.55	0.2933084298095707	0.13958731602688704	-0.00021895724874237965	0.00007672049147641746
0.56	0.29480515684344283	0.11803179316828097	-0.00029164912767948303	0.00008155017925373653
0.57	0.29658773343876665	0.0963234557226459	-0.00038449809883073227	0.00008219040957897772
0.58	0.2986686281858996	0.07446882239069419	-0.0005021524571304226	0.00007624571902481447
0.59	0.301059861632758	0.052475846172177945	-0.0006501339241336002	0.0000605078727409919
0.6	0.30377301090170417	0.03035266571651217	-0.0008349622310236948	0.00003074609395807559
0.61	0.3068186350154649	0.008108661651883717	-0.0010642895876711855	-0.000018545822726437344
0.62	0.3102067406857612	-0.014247245794563795	-0.0013470441581431847	-0.00009445264726867797
0.63	0.3139460761442635	-0.03670378049366929	-0.0016935809636317578	-0.00020599888332496763
0.64	0.31804401226506723	-0.0592504102258951	-0.0021158383155949756	-0.0003645771088200758
0.65	0.32250681151117355	-0.08187733500489683	-0.0026274970307136325	-0.0005844523030290316
0.66	0.32733925502908023	-0.10457337779676609	-0.0032441383441510485	-0.0008833535819613436
0.67	0.3325438079712719	-0.1273290560090981	-0.003983396279666096	-0.001283165573401801
0.68	0.33812191563512156	-0.1501366222680932	-0.0048650985997854	-0.0018107301849610846
0.69	0.3440728304978455	-0.1729885957389172	-0.005911388421263153	-0.0024987747668746008
0.7	0.35039362766353993	-0.19588029002195134	-0.007146818333125693	-0.0033869820744998613
0.71	0.3570801211629911	-0.21881073238165094	-0.008598406901505262	-0.004523214373608531
0.72	0.36412553228070105	-0.2417811960901467	-0.010295642979001873	-0.005964913705776259
0.73	0.37152176120273617	-0.2647980307965504	-0.012270425091734538	-0.007780696276560306
0.74	0.37925930198662733	-0.28787305862387835	-0.014556918647433414	-0.010052151213501004
0.75	0.3873266421537806	-0.3110243633284232	-0.017191307579198123	-0.012875885983515134
0.76	0.39571229443087386	-0.334277372050922	-0.020211422245756894	-0.0163658053155038
0.77	0.404403335488813	-0.3576664590113702	-0.023656211510872882	-0.020655691255799802
0.78	0.41338786798972416	-0.38123609483048815	-0.027565033605946143	-0.025902054024986187
0.79	0.42265455652989115	-0.405042156687026	-0.031976727730278265	-0.03228732358232811
0.8	0.4321935756871177	-0.42915395177507343	-0.036928428052618645	-0.04002339210574435
0.81	0.44199889252990243	-0.4536556542671114	-0.04245407746372726	-0.04935549314722232
0.82	0.45206831073419884	-0.47864867744845574	-0.04858259303655521	-0.060566503826382845
0.83	0.4624055692640037	-0.5042522723195819	-0.05533562318063806	-0.07398165785320632
0.84	0.4730223874182401	-0.5306078438776733	-0.06272484429963443	-0.08997366503867377
0.85	0.483940415241401	-0.5578797782512541	-0.07074872210193589	-0.10896831555743125
0.86	0.4951937824453574	-0.5862585978531623	-0.07938866991749649	-0.1314505394033224
0.87	0.5068320625132373	-0.615962605036164	-0.0886045225307599	-0.1579709615115094
0.88	0.518923381331146	-0.6472434256781965	-0.09832922745347883	-0.18915291604009887
0.89	0.5315581750075626	-0.6803841724158606	-0.10846268677822557	-0.2257000352371803
0.9	0.5448542302231145	-0.7157072738768799	-0.11886457636970449	-0.2684042253528809
0.91	0.5589594381276515	-0.7535751044747179	-0.12934620243863082	-0.31815432255112763
0.92	0.5740606714590761	-0.7943929023706939	-0.13966096035986308	-0.3759449970561093
0.93	0.5903848639602943	-0.8386152709471903	-0.14949366197639324	-0.4428863140765428
0.94	0.6082110855979427	-0.8867456650276102	-0.15844821078512306	-0.5202136382330924
0.95	0.6278749765108521	-0.9393422872566004	-0.16603391390008582	-0.6092980107343111