0.	-3.5046772766636423	-6.382618286375418	0.	0.
0.01	-3.4788964868766925	-6.3714442536056595	-1.000444171950221e-11	3.54702933691442e-11
0.02	-3.4524431062036456	-6.359262549716277	-2.3646862246096134e-11	1.141415850725025e-10
0.03	-3.4257961044850163	-6.345458531182885	-2.091837814077735e-11	-1.6370904631912708e-11
0.04	-3.3994887512671994	-6.32949440377206	-1.0550138540565968e-10	9.276845958083868e-11
0.05	-3.373078016895306	-6.312156728899026	3.637978807091713e-11	1.2278178473934531e-11
0.06	-3.3469908381257483	-6.292785875649315	-1.7917045624926686e-10	9.367795428261161e-11
0.07	-3.3208581802573462	-6.271839497837846	2.8467184165492654e-10	4.774847184307873e-11
0.08	-3.2949163668199617	-6.249025242903372	-1.3915268937125802e-10	-5.2295945351943374e-11
0.09	-3.269219558131226	-6.224737480708427	-1.8462742445990443e-10	3.205968823749572e-10
0.1	-3.243524166073257	-6.198743650306824	-3.3287506084889174e-10	2.874003257602453e-10
0.11	-3.21792562509836	-6.171321788878686	-3.601599019020796e-10	3.7607605918310583e-10
0.12	-3.1928744371989524	-6.1425634477946005	-6.129994289949536e-10	2.3646862246096134e-10
0.13	-3.1673958739384034	-6.1121154860275055	-1.5688783605583012e-9	-1.5688783605583012e-10
0.14	-3.14247237239033	-6.080320032615418	-5.005858838558197e-9	-7.848939276300371e-10
0.15	-3.1174974863279203	-6.04741951572214	-1.1652446119114757e-8	-2.416072675259784e-9
0.16	-3.0929161305202797	-6.012723693921089	-2.7625901566352695e-8	-6.8434928834903985e-9
0.17	-3.068316505562507	-5.977180092534127	-6.210757419466972e-8	-1.724401954561472e-8
0.18	-3.043906735937526	-5.940321942608534	-1.3177123037166893e-7	-4.119260665902402e-8
0.19	-3.019523344443769	-5.902313665697875	-2.6787347451318055e-7	-9.230302566720638e-8
0.2	-2.995653334030976	-5.863244425217772	-5.212086762185208e-7	-1.9750359570025466e-7
0.21	-2.971416597031748	-5.8233061428095425	-9.79620381258428e-7	-4.044461547891842e-7
0.22	-2.9473697177527356	-5.782304827113194	-1.781008904799819e-6	-7.944281605887227e-7
0.23	-2.9236581160857895	-5.740480485509806	-3.140510671073571e-6	-1.5117998373170849e-6
0.24	-2.899802694992104	-5.697908148358238	-5.3858320825384e-6	-2.786389586617588e-6
0.25	-2.875885733636096	-5.654553100208432	-9.001862053992227e-6	-4.989750550521421e-6
0.26	-2.8520992373023546	-5.610500115647483	-0.000014692574950458948	-8.701809292688267e-6
0.27	-2.8280990133871455	-5.5659187990911505	-0.000023458846044377424	-0.000014810038464929676
0.28	-2.8041051503796552	-5.52070286281446	-0.00003669671514217043	-0.00002464349950059841
0.29	-2.7801179880952986	-5.475132452720345	-0.0000563173898626701	-0.00004015586091554724
0.3	-2.755889657610169	-5.429303241181174	-0.00008489721221849322	-0.00006417033262096083
0.31	-2.731307851116071	-5.383032130594074	-0.00012585165495693218	-0.00010069755990116391
0.32	-2.706749515431511	-5.336438593828348	-0.00018364422339800512	-0.00015535764680407738
0.33	-2.681808925225596	-5.289884936860517	-0.0002640274469740689	-0.00023590390901517821
0.34	-2.6565086512737253	-5.243119736838935	-0.0003743111601579585	-0.00035290241976326797
0.35	-2.6309720666104113	-5.19648466823719	-0.000523666357366892	-0.0005205748273056088
0.36	-2.604430096958822	-5.150274468651105	-0.0007234651193357422	-0.0007578364193250309
0.37	-2.577869777253909	-5.103838726146023	-0.0009876297617665841	-0.0010895823936607485
0.38	-2.550857359433394	-5.0580602280147104	-0.0013330132978808251	-0.0015482398878248205
0.39	-2.5227525652144323	-5.012457769759067	-0.0017797770533434232	-0.0021756479918622063
0.4	-2.4936282309281523	-4.967569473691356	-0.0023517841736975242	-0.003025296337909822
0.41	-2.464127376008946	-4.922777458318933	-0.0030769485665587126	-0.004164994833672608
0.42	-2.433385024953168	-4.878943797343936	-0.003987559044617228	-0.005680008606077536
0.43	-2.401537699565779	-4.8354286552150825	-0.005120536746289872	-0.007676737880728979
0.44	-2.3684190840249357	-4.793401800857055	-0.0065176074458577204	-0.010286990282111219
0.45	-2.334127293174788	-4.752080514348336	-0.008225333703194337	-0.013672934755959432
0.46	-2.298553639464444	-4.711198630052422	-0.010294996289303526	-0.018032782652653623
0.47	-2.2608676550926248	-4.671728501174812	-0.012782249578776828	-0.02360729650263238
0.48	-2.221490937681665	-4.632740021951122	-0.015746543539535196	-0.030687186637806008
0.49	-2.1799341527030265	-4.594884797091936	-0.01925019218288071	-0.03962149274843796
0.5	-2.136414182561566	-4.558206702188045	-0.023357091940852115	-0.050827007906946164
0.51	-2.0907059428063803	-4.521448996653589	-0.028130966993558104	-0.06479885782619021
0.52	-2.0422769982387763	-4.485910731459853	-0.03363307344261557	-0.08212230136564358
0.53	-1.990904209155815	-4.450982346152841	-0.03991932403005194	-0.10348583981590309
0.54	-1.9368216161492455	-4.415059909934371	-0.047036660191224655	-0.12969565416960904
0.55	-1.8793065170430054	-4.379392640242941	-0.05501866029135272	-0.1616916914833837
0.56	-1.8189224733978335	-4.342955390202405	-0.06388019867063122	-0.2005650359694755
0.57	-1.7550000061191895	-4.304940498439919	-0.0736111242995321	-0.24757703354430305
0.58	-1.6870354449638398	-4.264662777237845	-0.08416871654935676	-0.30418010520747885
0.59	-1.6157407719501862	-4.221321160434854	-0.09546909618075006	-0.37204021358729733
0.6	-1.540669553141015	-4.172810081662192	-0.1073771203382421	-0.45306088571123837
0.61	-1.4620757130423954	-4.118299161348887	-0.11969457565919583	-0.5494095311501042
0.62	-1.379948358040565	-4.055812929701915	-0.1321474347550975	-0.6635448449903834
0.63	-1.2946300296134723	-3.983281239140979	-0.14437072619875835	-0.7982464797371449
0.64	-1.2064219470730677	-3.8981648251779006	-0.15589213946441305	-0.9566461158949551
0.65	-1.1168413303421403	-3.7967326603152287	-0.16611351190385903	-1.1422604152016902
0.66	-1.0271442860503157	-3.676107783315956	-0.17429049952170317	-1.3590253841566664
0.67	-0.9381103564737714	-3.5307222148426263	-0.17951010804426915	-1.6113314903866467
0.68	-0.8518258681660882	-3.3557768523460254	-0.18066717745659844	-1.9040614564089537
0.69	-0.7711747776193079	-3.146168672631802	-0.1764382111523446	-2.2426284447894886
0.7	-0.6998086270950807	-2.894485563070475	-0.1652535380981135	-2.633013739079388
0.71	-0.6414042721171427	-2.5918114003345636	-0.1452689176412605	-3.0818061934285197
0.72	-0.6026164745762799	-2.2277338841709025	-0.11433617619695724	-3.596242995749435
0.73	-0.5888334163955733	-1.7948174081075194	-0.06997076663355983	-4.184248425420719
0.74	-0.6095653372440211	-1.2777042891771089	-0.009322289260126126	-4.854470566753207
0.75	-0.6754456577891688	-0.6622615670539744	0.07085346811527415	-5.616321542627247