0.	-0.4284237467480394	-1.2311404322825075	0.	0.
0.01	-0.44209815004367625	-1.2348428612942237	0.	-1.5543122344752192e-15
0.02	-0.4558270391617216	-1.2381527849919887	0.	0.
0.03	-0.46960369307338157	-1.2410630437876387	-1.3322676295501878e-15	-1.9984014443252818e-15
0.04	-0.4834211383730418	-1.2435668402725493	0.	-1.3322676295501878e-15
0.05	-0.49727263333087235	-1.2456581131861784	-4.440892098500626e-16	4.440892098500626e-16
0.06	-0.5111506431263249	-1.2473308317955871	1.7763568394002505e-15	2.220446049250313e-16
0.07	-0.5250479153724354	-1.248580384235451	1.3322676295501878e-15	8.881784197001252e-16
0.08	-0.538956992543556	-1.2494020406641795	4.440892098500626e-16	1.9984014443252818e-15
0.09	-0.5528701878606053	-1.2497918382618047	-4.440892098500626e-16	-2.220446049250313e-16
0.1	-0.5667796625346218	-1.2497464104320228	4.440892098500626e-16	-8.881784197001252e-16
0.11	-0.5806774337882277	-1.2492630099968356	0.	8.881784197001252e-16
0.12	-0.5945553916873192	-1.248339529162402	-8.881784197001252e-16	8.881784197001252e-16
0.13	-0.6084053104275733	-1.2469745330409039	-1.3322676295501878e-15	6.661338147750939e-16
0.14	-0.6222188554846819	-1.2451672831650118	-3.552713678800501e-15	-4.440892098500626e-16
0.15	-0.6359876051428004	-1.2429177721735	-1.2878587085651816e-14	2.220446049250313e-16
0.16	-0.649703057007434	-1.240226757803212	-4.440892098500626e-14	-3.9968028886505635e-15
0.17	-0.6633566477813759	-1.2370958003873198	-1.2567724638756772e-13	-1.0436096431476471e-14
0.18	-0.6769394643553066	-1.2335273080942981	-3.517186542012496e-13	-3.241851231905457e-14
0.19	-0.6904434698262629	-1.2295245754148214	-9.170442183403793e-13	-7.616129948928574e-14
0.2	-0.7038596944960536	-1.2250918152167536	-2.27018404075352e-12	-1.7497114868092467e-13
0.21	-0.7171795022395879	-1.2202342928235932	-5.39257527520931e-12	-3.8546943414985435e-13
0.22	-0.7303942578426565	-1.214958265571448	-1.2283063455242882e-11	-8.160139230994901e-13
0.23	-0.7434953807224511	-1.2092711263537383	-2.6968205446564752e-11	-1.659561377209684e-12
0.24	-0.756474582092673	-1.2031811959576515	-5.721467744024267e-11	-3.2667202276570606e-12
0.25	-0.7693229996663526	-1.1966988138063392	-1.1765477481162634e-10	-6.231681837221004e-12
0.26	-0.7820325712751002	-1.1898349068924128	-2.350728500744026e-10	-1.156141848923653e-11
0.27	-0.794595162591746	-1.1826020824817363	-4.5735371045907414e-10	-2.09232631220857e-11
0.28	-0.8070028271159755	-1.1750144797852677	-8.681468877114185e-10	-3.7023939469804645e-11
0.29	-0.8192478441194115	-1.1670878744792532	-1.6105836664337403e-9	-6.424971665808243e-11
0.3	-0.8313227590089909	-1.1588397958262187	-2.924841258078459e-9	-1.0960499174927918e-10
0.31	-0.8432204274952304	-1.150289656943442	-5.206688857839481e-9	-1.8425483361284023e-10
0.32	-0.8549340667394199	-1.1414588920710182	-9.097369080279805e-9	-3.0598301670181627e-10
0.33	-0.8664573065625665	-1.132371114112289	-1.5619507465203242e-8	-5.03102448590198e-10
0.34	-0.877784255349952	-1.1230522776961798	-2.6379948891985805e-8	-8.207399204707144e-10
0.35	-0.8889095610859181	-1.1135308728191555	-4.38685621162449e-8	-1.3309437996156248e-9
0.36	-0.8998284883140251	-1.1038381184233725	-7.189323625311772e-8	-2.148829558734633e-9
0.37	-0.9105370036440199	-1.094008191424356	-1.1620593998173945e-7	-3.458243247322912e-9
0.38	-0.9210318617969921	-1.084078472965836	-1.8539447310672585e-7	-5.55236745469756e-9
0.39	-0.9313106927088688	-1.0740898117683422	-2.9213961738605576e-7	-8.89725182418033e-9
0.4	-0.9413721878675538	-1.0640868511372243	-4.5497090184198896e-7	-1.4230463474262933e-8
0.41	-0.9512159570321383	-1.0541186418478636	-7.006965407896359e-7	-2.2712683955816715e-8
0.42	-0.9608433906647482	-1.0442377430005756	-1.0677378803336524e-6	-3.615810095780603e-8
0.43	-0.9702568036621253	-1.0345025544052942	-1.6106672751092788e-6	-5.7381831952696416e-8
0.44	-0.9794602870075142	-1.0249764769015675	-2.4063365851034746e-6	-9.071730944221201e-8
0.45	-0.9884597249173819	-1.015728739433193	-3.562091782427501e-6	-1.427801299414e-7
0.46	-0.9972630116323336	-1.006834946031855	-5.2267058805455235e-6	-2.2358454176973908e-7
0.47	-1.0058802877867716	-0.9983776948916714	-7.604830489782444e-6	-3.48160083651905e-7
0.48	-1.014324201731907	-0.990447264985898	-0.000010975973570914732	-5.388713684162383e-7
0.49	-1.0226101999219175	-0.983142385987765	-0.000015719263687152818	-8.287175805588021e-7
0.5	-1.030756845803035	-0.9765710865658823	-0.00002234556869762372	-1.2659862389519105e-6
0.51	-1.0387861624030714	-0.9708516600531762	-0.00003153890830720485	-1.9207635981732807e-6
0.52	-1.0467240188769633	-0.966113726619259	-0.00004420954468109528	-2.8939714598053e-6
0.53	-1.0546005319964262	-0.9624994374224292	-0.00006156166804682783	-4.329816773118722e-6
0.54	-1.0624505120254009	-0.9601648130699856	-0.00008517922288220348	-6.432817636348176e-6
0.55	-1.0703139233869514	-0.9592812467894551	-0.00011713416327907566	-9.49092629132231e-6
0.56	-1.07823637078004	-0.960037199113952	-0.00016012229281159307	-0.000013906718197009837
0.57	-1.0862696042662305	-0.9626400736394891	-0.00021763284788889337	-0.00002023918563720528
0.58	-1.0944720151181082	-0.9673183483715715	-0.00029415914754427064	-0.000029259382436697123
0.59	-1.102909119057708	-0.9743239370509758	-0.0003954589460146707	-0.00004202405077413651
0.6	-1.1116539965886147	-0.9839348428704344	-0.000528874622260922	-0.0000599724422718495
0.61	-1.1207876548254587	-0.9964581118402003	-0.0007037249958159464	-0.00008505288271121181
0.62	-1.1303992662813087	-1.0122331302563525	-0.0009317824071901626	-0.00011988722209199665
0.63	-1.1405862128429396	-1.0316352622405123	-0.00122785066228559	-0.00016798327558609216
0.64	-1.1514538755307955	-1.0550798840786055	-0.0016104615694656488	-0.00023400758950931078
0.65	-1.1631150325079682	-1.0830267947756491	-0.0021027099543537986	-0.00032413362655914213
0.66	-1.1756887516739187	-1.115985019169062	-0.0027332492290588206	-0.0004464834540225393
0.67	-1.1892985808143877	-1.1545179684465694	-0.0035374716224776392	-0.0006116845778241231
0.68	-1.2040698268738037	-1.199248907416411	-0.004558898966702252	-0.0008335672582062692
0.69	-1.220125606751786	-1.2508666281800334	-0.005850811265739608	-0.0011300317600295706
0.7	-1.2375813383702425	-1.3101311465499788	-0.007478140772579245	-0.0015241187378214338
0.71	-1.2565371839700807	-1.3778791754055415	-0.009519658885514204	-0.0020453195325991214
0.72	-1.2770672765060231	-1.455029037900054	-0.012070479496861353	-0.002731165328529128
0.73	-1.2992086922268111	-1.54258395691329	-0.015244908892952047	-0.0036291341676368827
0.74	-1.322940201642484	-1.6416339028269498	-0.019179636379472065	-0.0047989095410450044
0.75	-1.3481617941149313	-1.753353565272274	-0.0240372975225025	-0.006315016517155936
0.76	-1.3746647659249192	-1.8789954386187149	-0.030010384531582446	-0.00826983664635983
0.77	-1.4020944475610708	-2.019875294069834	-0.037325488767645965	-0.010776967990302921
0.78	-1.4299032939227612	-2.177346548043263	-0.04624783519158093	-0.013974833641990703
0.79	-1.4572920805165044	-2.352758185097811	-0.057086051022542605	-0.018030338981521954
0.8	-1.4831398388279204	-2.547391463946835	-0.07019712969730385	-0.02314224276566712
0.81	-1.505912143712722	-2.762362253713758	-0.08599147417263886	-0.029543618993859155
0.82	-1.5235617657296903	-2.9984763894630433	-0.10493815004090123	-0.03750246852568084
0.83	-1.5334042162859838	-3.2560236246704366	-0.12757039217029842	-0.04731899686328056
0.84	-1.531983392866179	-3.534470665482692	-0.1544919739707744	-0.05931705878449911
0.85	-1.5149246466007718	-3.832035120143286	-0.1863854915403671	-0.07382644329016763
0.86	-1.4767977764306899	-4.145059040837119	-0.22402512855314427	-0.09115007689107557
0.87	-1.4110209149218775	-4.467126883582821	-0.26829885447821766	-0.1115080777856905
0.88	-1.309853923586136	-4.78778273810387	-0.32024943672044515	-0.13494544810543907
0.89	-1.1645999043255308	-5.090688109272232	-0.3811528433460616	-0.16118390157968143
0.9	-0.9662329537464593	-5.350952245916076	-0.452670537679122	-0.18938819259342843
0.91	-0.7068245654857925	-5.531203249800338	-0.5371460482118096	-0.21780104933343125
0.92	-0.38252476486463394	-5.575704309898914	-0.6381901392894989	-0.24317776849097328
0.93	0.00025576433385055	-5.401397847218657	-0.761865454771339	-0.25992328855128477
0.94	0.41218929633076584	-4.883753839566943	-0.9191624831067955	-0.2588136355794006
0.95	0.7734735163686963	-3.833388895761175	-1.1314937160760223	-0.22528436403405294