0.	-1.1594942611142809	-2.3188113435134703	0.	0.
0.01	-1.1764362775516957	-2.325378852557522	6.8833827526759706e-15	-2.7977620220553945e-14
0.02	-1.1932088122790092	-2.3296039920249294	-2.531308496145357e-14	1.6431300764452317e-14
0.03	-1.2097651812031915	-2.331451806026392	-1.7763568394002505e-15	-1.4654943925052066e-14
0.04	-1.2260568775751086	-2.3308885747820898	-5.5289106626332796e-14	1.4654943925052066e-14
0.05	-1.242033771170622	-2.3278820808354963	-2.2359891715950653e-13	-6.128431095930864e-14
0.06	-1.257644755835772	-2.322402198206333	5.551115123125783e-15	-2.2293278334473143e-13
0.07	-1.2728351253959447	-2.31441874843777	-6.394884621840902e-14	-5.10702591327572e-14
0.08	-1.2875505283669368	-2.303904870054531	-8.659739592076221e-14	5.861977570020827e-14
0.09	-1.3017343343649463	-2.2908348486355243	-2.8621549574836536e-13	-4.3076653355456074e-14
0.1	-1.3153282786948342	-2.275184755931176	1.5565326805244695e-13	1.6964207816272392e-13
0.11	-1.3282724681642903	-2.256932510840198	1.432187701766452e-13	3.375077994860476e-14
0.12	-1.3405053656162194	-2.23605795181235	-2.438049762076844e-13	2.48245868306185e-13
0.13	-1.3519637949315673	-2.2125429117185695	-1.1013412404281553e-13	-2.2959412149248237e-13
0.14	-1.3625829249418286	-2.1863712982790027	4.440892098500626e-14	3.7969627442180354e-13
0.15	-1.3722961024852345	-2.157527596116036	1.8207657603852567e-13	4.1300296516055823e-14
0.16	-1.3810348668531383	-2.1260054237718182	3.417266469796232e-13	-4.978240042419202e-13
0.17	-1.3887304738861674	-2.0917896517708483	2.5290880500961066e-13	-8.43769498715119e-13
0.18	-1.3953107352328153	-2.0548755311843325	9.119371924271036e-13	-8.921752225887758e-13
0.19	-1.4007023889235162	-2.0152587679862775	2.3936408410918375e-13	-1.6462387009141821e-12
0.2	-1.4048304560568259	-1.9729377599637454	1.965094753586527e-13	-2.005728916287808e-12
0.21	-1.4076182039960425	-1.9279137241975137	2.497113626986902e-12	-4.35895763928329e-12
0.22	-1.408987140943633	-1.8801908354018273	6.4428462565047084e-12	-1.0046408149833042e-11
0.23	-1.4088578180921831	-1.82977604785725	1.1827872015146568e-11	-2.3746116184497623e-11
0.24	-1.4071464637835602	-1.7766804952507163	2.284838984678572e-11	-5.468026031962836e-11
0.25	-1.4037700209489532	-1.7209178353222006	4.213163151689514e-11	-1.1876655214848597e-10
0.26	-1.3986427336888163	-1.6625056266172584	7.588618622378362e-11	-2.5307711482014383e-10
0.27	-1.3916769603507675	-1.601465219041379	1.25623067503966e-10	-5.212901221796074e-10
0.28	-1.3827831694617603	-1.5378219778761182	1.9741097645464833e-10	-1.0563554475595538e-9
0.29	-1.371869892429881	-1.4716054925366748	2.837017287760091e-10	-2.093303974604055e-9
0.3	-1.3588437052835818	-1.402849821230141	3.565046036158037e-10	-4.065837000410966e-9
0.31	-1.3436092076368251	-1.3315937586159525	3.467963693992715e-10	-7.758600650831227e-9
0.32	-1.3260689688708742	-1.2578811065479794	9.860667837813253e-11	-1.4561315930805563e-8
0.33	-1.30612353003975	-1.1817609720700362	-6.959874898626595e-10	-2.6908526074009842e-8
0.34	-1.2836713470609609	-1.1032881135992947	-2.606006077598977e-9	-4.899157723947667e-8
0.35	-1.258608764105664	-1.0225232715801522	-6.582057787696272e-9	-8.794323003158411e-8
0.36	-1.2308299926983932	-0.9395335728503447	-1.414431327617649e-8	-1.5571739808706297e-7
0.37	-1.2002270701810744	-0.854392923170323	-2.7558100468283442e-8	-2.720766981711975e-7
0.38	-1.16668982536484	-0.7671824818312918	-4.995812608044048e-8	-4.692469561806689e-7
0.39	-1.130105859891281	-0.6779911393205618	-8.524500860751516e-8	-7.990501803556427e-7
0.4	-1.0903605015354751	-0.5869160641499394	-1.3748248806066954e-7	-1.343719505775276e-6
0.41	-1.0473367851908153	-0.4940632917833957	-2.0932926392269735e-7	-2.232035059224202e-6
0.42	-1.0009154268789813	-0.39954837063689586	-2.98550278055032e-7	-3.6631147342647274e-6
0.43	-0.950974762228959	-0.3034970712409684	-3.913267065946968e-7	-5.941092014238869e-6
0.44	-0.8973907599918256	-0.20604617325361219	-4.4999302217796355e-7	-9.525078833061418e-6
0.45	-0.8400369346864935	-0.10734437496414012	-3.916714442775415e-7	-0.00001510040884106223
0.46	-0.7787843487134702	-0.007553226195978979	-5.214316178836498e-8	-0.000023679238226603783
0.47	-0.7135015020811606	0.0931517376176692	8.737569023864467e-7	-0.00003674112847379396
0.48	-0.6440542707953973	0.19457975404412015	2.9286386505900097e-6	-0.00005642755748022643
0.49	-0.5703057683557018	0.29652343617183163	7.046548690992083e-6	-0.00008580806315233724
0.5	-0.4921161009820153	0.3987571498408222	0.000014795506285192328	-0.00012923988984481216
0.51	-0.40934207927245686	0.5010351442379314	0.000028755649207790057	-0.00019284683141429504
0.52	-0.3218366681053961	0.6030894791697555	0.00005310282564269242	-0.0002851447980644073
0.53	-0.22944820540029812	0.7046275314013284	0.00009450089601556466	-0.0004178390171258872
0.54	-0.13201936780157053	0.8053287052950211	0.00016345183887594983	-0.0006068042277056485
0.55	-0.0293844994209973	0.9048435954792413	0.0002763139329636788	-0.000873226701154417
0.56	0.07863195946775181	1.0027872090981658	0.00045827369372175575	-0.0012448186189597532
0.57	0.19222027362921612	1.0987378660430571	0.0007476350451240399	-0.00175688977717825
0.58	0.3115909053067254	1.1922336117504058	0.0012018444908639125	-0.002452851690727398
0.59	0.43698402122323865	1.2827695736463243	0.0019056420137248953	-0.003383411542211112
0.6	0.5686717271086998	1.3698019306251579	0.00298151537060265	-0.004603297811654139
0.61	0.7069828828320954	1.4527442356597162	0.004602105497831577	-0.006163929732072582
0.62	0.8523044655458238	1.5309855047694982	0.007003240102443797	-0.008100242467215635
0.63	1.0050958506856749	1.6039023995143398	0.01049493149744063	-0.010410287407468743
0.64	1.1658918221097676	1.670883728007827	0.015466363929708571	-0.013027729125755227
0.65	1.3352956350926835	1.7313580896914582	0.02238057566657914	-0.015790053918560254
0.66	1.5139588229765486	1.7848195468138166	0.03175632689856012	-0.018408440398987258
0.67	1.7025484477144108	1.8308432446766794	0.044138931666570125	-0.02044694579996098
0.68	1.90171461351517	1.869088883303276	0.060067165411634704	-0.021316851092807454
0.69	2.112054115673591	1.8992822597075742	0.08004658043598178	-0.020286321918922434
0.7	2.3340967931333734	1.9211947952403965	0.10453793614850193	-0.016498569880403657
0.71	2.568306257483724	1.9346235452946685	0.1339633316512221	-0.008987554806782816
0.72	2.8150885505254135	1.9393796819543847	0.16872556124675375	0.003318594537457642
0.73	3.074805446023026	1.9353091957999258	0.20923208906093826	0.02161133131041537
0.74	3.3477831099690176	1.922303144832092	0.2559152866485248	0.04723194890390836
0.75	3.6343046698318577	1.900353276335119	0.30924316037983335	0.08171432992630367
0.76	3.934586354121895	1.8695964275226964	0.36971842472465166	0.12683568809323287
0.77	4.248734332560396	1.8303736535677293	0.4378653885149988	0.18467171919222602
0.78	4.576684984259462	1.7832872591350772	0.514204897151604	0.2576540493419974
0.79	4.918118240593992	1.7292826660608118	0.5992170246273423	0.3486289097758406
0.8	5.272333018271827	1.6696983674101422	0.6932904034812823	0.46091585010109015
0.81	5.638104166275465	1.6063584127801267	0.7966554008103754	0.5983655030573993
0.82	6.013471990331661	1.5416427536333601	0.9092984312989341	0.7654136320900542
0.83	6.395496032558679	1.4785632637669286	1.0308527510598111	0.9671277782425682
0.84	6.779875811574291	1.4208232323964798	1.1604609003654094	1.209239508573503
0.85	7.160513853503446	1.372865198376882	1.2966026363704861	1.4981541135385599
0.86	7.52891774238668	1.339848313462443	1.4368834860250175	1.8409231271147917
0.87	7.873358672205587	1.3275628389564296	1.5777764543263944	2.2451600508281095
0.88	8.177831444031192	1.3421721087207827	1.7143117561130197	2.7188737936235867
0.89	8.420593333880031	1.3896776037278311	1.8397103029808424	3.270175685279807
0.9	8.572239959376038	1.474907125030795	1.9449569774759485	3.9068052154165076
0.91	8.59302983919417	1.5996690852791744	2.0183136878873027	4.63537438400842
0.92	8.429365094828144	1.7592315010391157	2.0447837670568454	5.460169961675554
0.93	8.009124943704974	1.935738402694053	2.00556946373871	6.3811952506511
0.94	7.236347573098573	2.0852386499061724	1.8777305817832062	7.390773060522763
0.95	5.988614066812243	2.1113303001199273	1.6349992950982202	8.467193351250007