0.	-0.4284230770133779	-1.2311400415574405	0.	0.
0.01	-0.4015886187541402	-1.2227200027978562	8.881784197001252e-16	-4.440892098500626e-16
0.02	-0.3757093918076295	-1.2130956811848113	0.	-4.440892098500626e-16
0.03	-0.350842404246003	-1.2023454282920922	-1.3322676295501878e-15	-1.5543122344752192e-15
0.04	-0.3270391665379204	-1.1905504412225463	-4.440892098500626e-16	-1.3322676295501878e-15
0.05	-0.3043453120352586	-1.1777945620927963	-1.7763568394002505e-15	4.440892098500626e-16
0.06	-0.28280162386706387	-1.1641640582727106	4.440892098500626e-16	4.440892098500626e-16
0.07	-0.2624418119598686	-1.1497466111016248	-1.3322676295501878e-15	6.661338147750939e-16
0.08	-0.24329433047140014	-1.1346318953108032	0.	-2.220446049250313e-16
0.09	-0.22538144230292456	-1.118910541433832	4.440892098500626e-16	4.440892098500626e-16
0.1	-0.20871935191144475	-1.1026739225712698	-2.220446049250313e-15	-1.9984014443252818e-15
0.11	-0.1933181507369104	-1.086013766209655	-6.661338147750939e-16	0.
0.12	-0.1791817541672336	-1.069021806409991	6.661338147750939e-16	8.881784197001252e-16
0.13	-0.1663082929729327	-1.0517890627611388	1.5543122344752192e-15	-2.220446049250313e-15
0.14	-0.15468955625511538	-1.0344060088105913	3.552713678800501e-15	-5.995204332975845e-15
0.15	-0.14431147825375668	-1.0169617886113933	1.2656542480726785e-14	-2.2870594307278225e-14
0.16	-0.13515412537799376	-0.9995439274168472	4.085620730620576e-14	-6.905587213168474e-14
0.17	-0.12719180068864944	-0.9822379677630895	1.2789769243681803e-13	-1.9595436384634013e-13
0.18	-0.12039312014929648	-0.9651271107829895	3.632649736573512e-13	-5.313527395855999e-13
0.19	-0.11472153310938049	-0.9482916189441819	9.801048861390882e-13	-1.3509193763638905e-12
0.2	-0.11013492494194943	-0.9318088623915435	2.5064395003937534e-12	-3.259281733392072e-12
0.21	-0.10658623158080882	-0.9157526794770177	6.104672323203886e-12	-7.512324096126122e-12
0.22	-0.10402356595733586	-0.9001931271143122	1.4243273227521058e-11	-1.6589285500856477e-11
0.23	-0.10239041198117982	-0.8851961567691435	3.19309023666392e-11	-3.5233926887201505e-11
0.24	-0.10162623044904717	-0.8708231459876667	6.902034499489673e-11	-7.221379050292853e-11
0.25	-0.10166622553171956	-0.8571308977754137	1.4426837502412582e-10	-1.4321410723994177e-10
0.26	-0.10244204137394153	-0.8441711500455761	2.9234414888890115e-10	-2.75513944991701e-10
0.27	-0.10388199851821689	-0.8319903843395549	5.756626286768096e-10	-5.152682724940405e-10
0.28	-0.1059114363199376	-0.8206297137423851	1.1037675218261711e-9	-9.386613708528557e-10
0.29	-0.10845327005154726	-0.8101239172555713	2.064535431500758e-9	-1.6684932324650958e-9
0.3	-0.11142813704379018	-0.8005027271714126	3.773326318068371e-9	-2.8984135092002816e-9
0.31	-0.11475491257808779	-0.7917892701888836	6.7489336341708395e-9	-4.927507291085931e-9
0.32	-0.11835123965931915	-0.7840006591175935	1.1828978463412909e-8	-8.208722368507892e-9
0.33	-0.1221336925578762	-0.7771472946740053	2.0342263207240308e-8	-1.3415376143299795e-8
0.34	-0.1260188348671447	-0.7712337015821948	3.436241691190389e-8	-2.1530778937517425e-8
0.35	-0.12992296356130284	-0.7662576298903776	5.707570593926903e-8	-3.396676417910527e-8
0.36	-0.13376303629221242	-0.7622105531515219	9.330738004464934e-8	-5.271761716052481e-8
0.37	-0.13745691676584348	-0.7590770736256837	1.5026527777628473e-7	-8.05562337946597e-8
0.38	-0.14092431409649242	-0.75683594748875	2.3857818187700275e-7	-1.212795183169746e-7
0.39	-0.14408665154672218	-0.7554593260853435	3.737292261218883e-7	-1.8000885460001115e-7
0.4	-0.14686796560139614	-0.7549133878274473	5.780142929845411e-7	-2.635506172188329e-7
0.41	-0.1491951484780536	-0.7551579152770908	8.831904454442707e-7	-3.808177323483264e-7
0.42	-0.15099888179864407	-0.7561474321635928	1.334025259258631e-6	-5.433101993856937e-7
0.43	-0.1522134912993489	-0.7578307688754705	1.9930094151687783e-6	-7.656423103297172e-7
0.44	-0.15277768215958765	-0.7601512988072654	2.946561886596477e-6	-1.0660971087039783e-6
0.45	-0.1526351901302725	-0.7630476099697829	4.313136422129382e-6	-1.4671740971028413e-6
0.46	-0.15173480455150434	-0.7664540764504837	6.25373118090522e-6	-1.996072474974575e-6
0.47	-0.15003087061317733	-0.7703008011039114	8.98541258220753e-6	-2.6850325413052545e-6
0.48	-0.1474838553797002	-0.7745137744391124	0.000012798598080232537	-3.5714218751259352e-6
0.49	-0.14406034754876984	-0.7790165518852001	0.000018079016531391545	-4.697408699683159e-6
0.5	-0.13973347619998377	-0.7837297331716633	0.000025335403178838867	-6.109012822386184e-6
0.51	-0.13448295473320382	-0.7885715447939304	0.00003523424128371033	-7.854246952265775e-6
0.52	-0.12829574760709317	-0.7934592421063575	0.000048643130274861335	-9.980027996903118e-6
0.53	-0.12116536244875831	-0.7983087003212181	0.00006668450325875153	-0.000012527285987662395
0.54	-0.11309264575846989	-0.8030355546270385	0.00009080203344591364	-0.000015523856650934142
0.55	-0.10408526838451071	-0.8075561980123137	0.00012284210404212015	-0.000018974208968569606
0.56	-0.09415760082131619	-0.8117873967725957	0.00016515333086464246	-0.000022845188845765918
0.57	-0.08333086913589594	-0.8156477175918395	0.00022070777142102482	-0.00002704672728937041
0.58	-0.07163235664347478	-0.8190579978436682	0.00029324753914072854	-0.000031405737459189176
0.59	-0.05909539280035836	-0.8219414929678488	0.00038746186017446504	-0.000035632087836967585
0.6	-0.04575858239645503	-0.8242252395580996	0.0005091996288073553	-0.00003927387070579158
0.61	-0.03166497720992023	-0.8258393931186383	0.0006657234553201219	-0.0000416597551744502
0.62	-0.01686196531606976	-0.8267187509729739	0.0008660132306215207	-0.000041826095336539026
0.63	-0.0013993695964787944	-0.8268020786779222	0.0011211255772803908	-0.000038423177080693094
0.64	0.01467056525702315	-0.8260331682841142	0.0014446206334045586	-0.00002959967138982389
0.65	0.03129543245159794	-0.8243601079095989	0.0018530640218735739	-0.000012855790625487806
0.66	0.048423183421536065	-0.8217356474012414	0.0023666175841845494	0.00001513612504266959
0.67	0.06600415033455975	-0.8181165758121793	0.003009733179707319	0.00005875312564029844
0.68	0.08399275813284279	-0.8134635011980298	0.003811959789793651	0.00012369580476656594
0.69	0.10234923760232384	-0.8077394623278846	0.004808888686114066	0.00021731577972938787
0.7	0.1210419897036128	-0.8009093871644253	0.0060432460053007064	0.0003490218410668877
0.71	0.1400496232538473	-0.79293799368548	0.0075661625835820034	0.0005307611720284378
0.72	0.15936371924375836	-0.7837880716807419	0.009438641371867007	0.0007776004541165671
0.73	0.1789914839671517	-0.7734183273970585	0.011733242990757176	0.0011084291080606379
0.74	0.19895859792809156	-0.761779885511539	0.014536030330581484	0.0015467826399373497
0.75	0.2193123958008667	-0.7488130820577846	0.017948794942308166	0.002121831990414491
0.76	0.24012560011126316	-0.7344430138744795	0.02209160097174445	0.0028695541765701993
0.77	0.2614993673586715	-0.7185746384754566	0.027105696943238833	0.0038341048761943997
0.78	0.2835674871791303	-0.701086755794925	0.03315682290157196	0.005069440644531076
0.79	0.3065003517776248	-0.6818251666243325	0.040438973838636594	0.006641218472984156
0.8	0.3305092139284871	-0.6605946989113921	0.049178664382472315	0.00862901485206835
0.81	0.3558508070372215	-0.6371501128107064	0.059639749617854676	0.011128920617185623
0.82	0.38283135416413105	-0.611185323876266	0.07212890497964808	0.014256516000911379
0.83	0.4118127108102605	-0.5823218237503304	0.08700170173700239	0.018150432916675174
0.84	0.44321615840062045	-0.550094823718271	0.10466960594306096	0.022976304881032528
0.85	0.47752817494899236	-0.5139375675200756	0.12560765434670285	0.0289314775776216
0.86	0.5153057434281789	-0.4731646747868028	0.15036322041234373	0.03625038904945721
0.87	0.5571816616750318	-0.42695150432618867	0.17956567040888882	0.045210682984601736
0.88	0.6038698881462892	-0.37431264239292705	0.21393732667465515	0.05614029591599734
0.89	0.6561719600837335	-0.3140771445284207	0.25430537323252667	0.06942555789797122
0.9	0.7149809840988786	-0.24486053859104961	0.3016156458709074	0.08552042401972804
0.91	0.7812886011242228	-0.16503401456996025	0.35694734414643614	0.10495695054532073
0.92	0.856189569101506	-0.0726909792309054	0.42152980721253286	0.12835742759011204
0.93	0.9408873009424643	0.034393133139222876	0.4967607715431619	0.15644767531548487
0.94	1.0366978130477214	0.1588023131844447	0.5842268684472267	0.19007244782590726
0.95	1.1450588360545515	0.3035284472364288	0.6857250410116666	0.2302136998268085