0.	-0.29586034866360933	0.22837047592975068	0.	0.
0.01	-0.29598531568854014	0.24426363522297834	1.9554136088117957e-11	-3.0468072509393096e-11
0.02	-0.29511490758432046	0.25940487858997585	9.549694368615746e-12	-1.5916157281026244e-11
0.03	-0.29355967610717926	0.27348858732739245	1.2323653209023178e-10	-1.0959411156363785e-10
0.04	-0.2916554618759619	0.28623733379299665	3.219611244276166e-10	-2.064552973024547e-10
0.05	-0.2891414664468357	0.29768889090837547	2.0872903405688703e-10	-7.867129170335829e-11
0.06	-0.28650010268779624	0.30770163348779533	1.2664713722188026e-10	-2.2100721253082156e-10
0.07	-0.28332395849338354	0.3162226639724395	1.596163201611489e-10	-3.7334757507778704e-10
0.08	-0.28015286185586774	0.32303133355389946	2.162323653465137e-10	-1.8417267710901797e-10
0.09	-0.2767302416618804	0.3281816912995055	-1.4597389963455498e-10	-6.184563972055912e-11
0.1	-0.2732261678067971	0.33147872237759657	3.7562131183221936e-10	-4.260982677806169e-10
0.11	-0.26977861349087107	0.332807788971877	6.502887117676437e-10	-3.951754479203373e-10
0.12	-0.26655716577874955	0.3321160676614454	3.709601514856331e-10	-2.5920599000528455e-10
0.13	-0.2636965606513968	0.3291625656229371	1.3642420526593924e-9	4.547473508864641e-12
0.14	-0.26111667546967965	0.32402575575042647	3.215177457605023e-9	1.3733369996771216e-10
0.15	-0.25921612676472705	0.3165268689126606	9.096652320295107e-9	9.804352885112166e-10
0.16	-0.2579626959603729	0.3065213589193263	2.185959147027461e-8	2.1245796233415604e-9
0.17	-0.2577361077488831	0.2939684165012295	4.9959112402575556e-8	2.1263986127451062e-9
0.18	-0.25844557291293313	0.2787738327133411	1.0837163699761732e-7	4.142748366575688e-10
0.19	-0.2604019290793076	0.26073326943242137	2.2707320113113383e-7	-9.49012246564962e-9
0.2	-0.26386447835716353	0.23990133138386227	4.557745114652789e-7	-4.039839041070081e-8
0.21	-0.2688259697667945	0.21611498696347553	8.812132819002727e-7	-1.1657812137855217e-7
0.22	-0.275717600207372	0.1893315568820526	1.6535396980543737e-6	-2.8940280571987387e-7
0.23	-0.28466690813309015	0.1593776321385576	3.010697923855332e-6	-6.493801265605725e-7
0.24	-0.2959055339574661	0.12629837748045247	5.33885008735524e-6	-1.3587066405307269e-6
0.25	-0.3097176517825915	0.08997159337968696	9.241324619324587e-6	-2.6985542262991657e-6
0.26	-0.32633701036775165	0.05034099777753909	0.00001565264813052636	-5.136707841302268e-6
0.27	-0.3459979687688701	0.007314170415611443	0.000025983929049289145	-9.433692639504443e-6
0.28	-0.36907327290862213	-0.0390709557620994	0.00004234984498907579	-0.000016799595641714404
0.29	-0.3958338157427761	-0.08892659250136603	0.00006786765686683793	-0.000029129718313924968
0.3	-0.42658146416351883	-0.14227093065642293	0.00010708314994190005	-0.00004932521619593899
0.31	-0.4615701718861942	-0.19909902529275314	0.00016654188220854849	-0.00008177542190423992
0.32	-0.5012147226124171	-0.25945770238058685	0.0002555897516458572	-0.00013301555077305238
0.33	-0.545869991125187	-0.32336893125784627	0.00038743062742696566	-0.0002126513288658316
0.34	-0.5958871501079557	-0.3907854600995506	0.0005805689878570774	-0.0003346353787492262
0.35	-0.6516208626887874	-0.4617535705251612	0.0008607251092485058	-0.0005190149076952366
0.36	-0.7135181924388689	-0.5361935208557043	0.001263395792591382	-0.000794294264551354
0.37	-0.7819634533788076	-0.6141294878641474	0.0018372268140751657	-0.0012006384849883034
0.38	-0.8573875110619156	-0.6955445444393717	0.002648478145090394	-0.001794139138155515
0.39	-0.9402130640041264	-0.780378500726556	0.0037868722428697765	-0.002652492539709783
0.4	-1.0309487159096875	-0.8686250323370359	0.00537326028421603	-0.003882516869225583
0.41	-1.130098228421275	-0.9602637216712537	0.007569592581148754	-0.005630016146369599
0.42	-1.2382003155642565	-1.0552766950099794	0.010591933351918215	-0.008092678033449374
0.43	-1.3556961386126432	-1.1535739352754035	0.01472730165221492	-0.011536854468886304
0.44	-1.4833031242845323	-1.2554719020744187	0.02035548112911556	-0.016319312423433985
0.45	-1.6215803967140232	-1.3609431696079355	0.027977190364765647	-0.022915194716006226
0.46	-1.7711208880882623	-1.4702086920715374	0.03825041864860168	-0.031953980783328007
0.47	-1.9326768097613467	-1.5835412608870456	0.05203712346076372	-0.044265385455560136
0.48	-2.106926717857448	-1.7014536476390276	0.07046336309963408	-0.06093784881818465
0.49	-2.294721970210105	-1.8246663237354142	0.09499631981088896	-0.08339262475976739
0.5	-2.496711700814217	-1.9539927126555767	0.12754329693791533	-0.1134773405665328
0.51	-2.713929418549526	-2.0909933328886154	0.17057809877053387	-0.1535840249235889
0.52	-2.947271518856496	-2.2375656466301734	0.22730324715848838	-0.2067966819885214
0.53	-3.1975779620308344	-2.3962055780276614	0.30185726177012384	-0.277075713555746
0.54	-3.4658511774520093	-2.5705152291733384	0.399579155111212	-0.3694879341875321
0.55	-3.7530332475789123	-2.7652606515125626	0.527346864321828	-0.490490990706121
0.56	-4.05997458987747	-2.9867904491469517	0.6940089041382294	-0.6482847154558158
0.57	-4.387397797835831	-3.2435918520156974	0.9109352918601985	-0.8532431667200626
0.58	-4.7357419208277065	-3.5469071419790907	1.1927202023489372	-1.118442987738149
0.59	-5.104991204244527	-3.911513129328114	1.5580778361797343	-1.4603056377557095
0.6	-5.494465921297547	-4.356893841969054	2.0309843950816457	-1.8993755482674715
0.61	-5.902399402157698	-4.908551897525854	2.6421326639429594	-2.4612532372646
0.62	-6.32543613859275	-5.599820140755696	3.430785172440949	-3.1777076507775064
0.63	-6.75791327177501	-6.474167781799679	4.447131978483242	-4.0879889897998964
0.64	-7.190819562346405	-7.588114233736974	5.755290126644013	-5.2403569834367545
0.65	-7.610330895324751	-9.015052937230621	7.437117747318553	-6.6938342891684215
0.66	-7.995867353761014	-10.850074657353275	9.597054732261483	-8.520173771824602
0.67	-8.317249110453474	-13.216188915897419	12.36826423004851	-10.80600163386589
0.68	-8.530925215843752	-16.272264764191846	15.920406573338255	-13.655046219176938
0.69	-8.574685305911032	-20.223199087741023	20.469461171810906	-17.19028890203947
0.7	-8.360383375393212	-25.332869157827076	26.290099849653245	-21.555739811305102
0.71	-7.764055940710932	-31.940686683709373	33.73121065916814	-26.91736814667763
0.72	-6.61225617932098	-40.48263830738426	43.23527503132618	-33.462394271677056
0.73	-4.663463842799445	-51.51805164285497	55.362386409032524	-41.395723009673645
0.74	-1.5826666243745535	-65.76355733010189	70.81971467106268	-50.93160318222385
0.75	3.0933326721076355	-84.13602253270722	90.49716161315308	-62.27751180702461