0.	-0.19900699972384872	-0.3523199062304562	0.	0.
0.01	-0.19390507574978944	-0.3439986375036181	2.4424906541753444e-15	-1.6653345369377348e-16
0.02	-0.18916993678629412	-0.33585672696347585	5.773159728050814e-15	0.
0.03	-0.184786929253987	-0.32790515070687415	2.220446049250313e-15	2.4424906541753444e-15
0.04	-0.18074095194427964	-0.3201540892631558	4.9960036108132044e-15	-5.551115123125783e-17
0.05	-0.1770165110208456	-0.3126129417001214	8.43769498715119e-15	-1.1102230246251565e-16
0.06	-0.17359776690760054	-0.3052903038054129	1.6653345369377348e-16	-2.609024107869118e-15
0.07	-0.1704685656326101	-0.2981939818155573	6.106226635438361e-16	-1.1657341758564144e-14
0.08	-0.1676125332406206	-0.2913308455688058	7.771561172376096e-15	9.547918011776346e-15
0.09	-0.16501305065356253	-0.2847070101559396	2.1649348980190553e-14	-1.2545520178264269e-14
0.1	-0.16265331213821638	-0.27832770236827464	1.1102230246251565e-16	1.7763568394002505e-15
0.11	-0.16051655723894354	-0.27219722894333	1.7430501486614958e-14	-1.815214645262131e-14
0.12	-0.15858569196990896	-0.2663190936575774	2.631228568361621e-14	8.271161533457416e-15
0.13	-0.15684380271526394	-0.2606958670027707	1.759703494030873e-14	-4.274358644806853e-15
0.14	-0.15527395200911415	-0.2553292485037014	1.6264767310758543e-14	3.469446951953614e-14
0.15	-0.1538592819931005	-0.2502200562986924	4.6851411639181606e-14	1.865174681370263e-14
0.16	-0.15258306304575714	-0.24536823180080236	6.34492458573277e-14	2.4924506902834764e-14
0.17	-0.1514287427228847	-0.24077284713333652	6.294964549624638e-14	8.659739592076221e-15
0.18	-0.150379993098068	-0.23643211493257787	2.1221913115709867e-13	7.993605777301127e-14
0.19	-0.14942075748633177	-0.23234343035530486	4.71733763163229e-13	1.3639089857520048e-13
0.2	-0.14853530676552767	-0.22850327156839917	1.20525811553307e-12	3.7125857943465235e-13
0.21	-0.14770828693240062	-0.22490738401966265	2.7355340215251545e-12	9.161560399206792e-13
0.22	-0.14692470949231218	-0.22155070577160224	6.103506589028029e-12	2.2145063560685685e-12
0.23	-0.14617009372080908	-0.21842739537217604	1.307998154231882e-11	4.922284801978094e-12
0.24	-0.14543044427040885	-0.21553087283522349	2.7232716082181696e-11	1.0887901691347679e-11
0.25	-0.14469230910462583	-0.21285384541698038	5.489392274071747e-11	2.3233859280935576e-11
0.26	-0.14394282232004513	-0.21038833888880665	1.0756295854008613e-10	4.7907400269053824e-11
0.27	-0.14316974207589767	-0.20812573154831782	2.052005787511746e-10	9.579426141215208e-11
0.28	-0.14236149542854765	-0.2060568213172792	3.817875460221387e-10	1.8650553323951158e-10
0.29	-0.14150719617831287	-0.20417175206476607	6.94309498783241e-10	3.5391506392201677e-10
0.3	-0.14059671463890772	-0.202460211145447	1.2359011036799927e-9	6.560645360309536e-10
0.31	-0.13962064238814786	-0.20091139915405853	2.1560345730975428e-9	1.189547516045053e-9
0.32	-0.13857040634864728	-0.1995140561499124	3.6916975032497135e-9	2.1132245953126017e-9
0.33	-0.1374382416377602	-0.1982565399518093	6.211063718897236e-9	3.6830273275612058e-9
0.34	-0.13621722792371357	-0.19712686944811986	1.027891322058494e-8	6.304781752231037e-9
0.35	-0.13490131398453872	-0.1961127809408698	1.6749204745369894e-8	1.061278009917288e-8
0.36	-0.13348533128692053	-0.19520177723980675	2.6896539495613325e-8	1.758439893695396e-8
0.37	-0.1319650355482507	-0.19438120421343752	4.259944350049061e-8	2.8704984944560863e-8
0.38	-0.13033702570386457	-0.19363824235435495	6.659571477607429e-8	4.62050313010387e-8
0.39	-0.12859888492799412	-0.19296006499836837	1.0283034523883572e-7	7.339358049085476e-8
0.4	-0.12674909736728507	-0.192333831027529	1.5692950575130205e-7	1.1512640119004658e-7
0.41	-0.1247870731251367	-0.19174676758444553	2.3683805785990053e-7	1.7845340882782779e-7
0.42	-0.1227131371817298	-0.1911862252613935	3.5366942777170784e-7	2.7350927411795567e-7
0.43	-0.12052854111089609	-0.19063976817220712	5.228310085425569e-7	4.147253138131468e-7
0.44	-0.1182353964298799	-0.19009512586150384	7.655004870266158e-7	6.224675222488152e-7
0.45	-0.11583670985407526	-0.18954044986291707	1.110551018368433e-6	9.252321145902798e-7
0.46	-0.11333635819557084	-0.1889642065683907	1.597040620110457e-6	1.362566934226539e-6
0.47	-0.11073903379963515	-0.18835530351470442	2.2774118822177503e-6	1.9889330945543904e-6
0.48	-0.10805022532182934	-0.1877031387537022	3.2215760211173894e-6	2.878772654646422e-6
0.49	-0.10527620054775466	-0.18699766129220524	4.5220934513090505e-6	4.133119664240237e-6
0.5	-0.10242387164385719	-0.1862293959945729	6.300702146078141e-6	5.888168422063522e-6
0.51	-0.09950087921155748	-0.1853895318860238	8.716506802286528e-6	8.326318865603533e-6
0.52	-0.09651545057823815	-0.18446993731116618	0.00001197617933768047	0.000011690327258062627
0.53	-0.09347635763050557	-0.18346320061499927	0.000016346604353345562	0.00001630134643498815
0.54	-0.09039288221857017	-0.1823626681521272	0.000022170473834931537	0.00002258179759667689
0.55	-0.08727463679328909	-0.1811624447836898	0.000029885409363689108	0.000031084227316680035
0.56	-0.08413163231610188	-0.17985742908981195	0.000040047321654163026	0.00004252754733774511
0.57	-0.08097410639999117	-0.1784433001170292	0.00005335877654405463	0.000057842313238853915
0.58	-0.07781246938890835	-0.17691649759946965	0.00007070331295330745	0.00007822708287863467
0.59	-0.07465712170847916	-0.17527419562546787	0.00009318671437855142	0.00010521822030690187
0.6	-0.07151849085969678	-0.1735142562351631	0.00012218655938114886	0.0001407760256098567
0.61	-0.06840682760174582	-0.1716351471608265	0.00015941128668445215	0.00018739058453776103
0.62	-0.06533214008146415	-0.16963584022736156	0.0002069704714759979	0.00024821132628022324
0.63	-0.06230399785422863	-0.16751570982630115	0.0002674578565464991	0.0003272049958987777
0.64	-0.059331522950503535	-0.1652743327172973	0.00034404955850259045	0.0004293476876682245
0.65	-0.05642321460029087	-0.16291130205854465	0.00044061919799054383	0.0005608572318580585
0.66	-0.053586751616407025	-0.16042599756992137	0.0005618724690861221	0.0007294738029874903
0.67	-0.05082898541772518	-0.1578172500648134	0.0007135045802706963	0.0009447972221774403
0.68	-0.048155736511281466	-0.1550829782869635	0.0009023827536064899	0.0012186915719952784
0.69	-0.045571628815960274	-0.15221981335975865	0.0011367570101784574	0.0015657686454217945
0.7	-0.04307997735913155	-0.1492224449136852	0.0014265047056390978	0.0020039641954853193
0.71	-0.040682931347498064	-0.14608332432917104	0.0017834102206197855	0.0025552224642207966
0.72	-0.03838061424718947	-0.14279139594256696	0.002221485617076968	0.003246307597152831
0.73	-0.03617207097992353	-0.13933195356866424	0.0027573379963669042	0.004109762016523133
0.74	-0.03405398345990385	-0.13568497446237182	0.003410585105052627	0.005185035865657106
0.75	-0.032021812547110784	-0.13182460012245611	0.004204330059381256	0.00651981566510218
0.76	-0.03006841755585865	-0.1277172654907831	0.005165693484462858	0.008171579802854212
0.77	-0.028185420302101527	-0.12332063232286306	0.0063264188423468315	0.010209421142369779
0.78	-0.026361735696251776	-0.118581479920021	0.007723545265966414	0.01271616915326057
0.79	-0.024584727481922808	-0.11343377228005669	0.009400166743999905	0.015790867916654072
0.8	-0.022840011168225982	-0.10779646327870918	0.011406276694598483	0.019551644540916513
0.81	-0.021110843680253066	-0.10157053595857568	0.013799704655959227	0.024139039659589967
0.82	-0.019379297916021387	-0.09463613582099661	0.016647155981074246	0.02971986123990522
0.83	-0.017626067918230737	-0.08684875375418555	0.020025364707248805	0.03649162825956331
0.84	-0.015830670208333397	-0.07803551502098105	0.024022348851422154	0.044687689512495465
0.85	-0.013972602969691661	-0.06799021190106735	0.028738806708244524	0.05458309851872989
0.86	-0.012030617124653309	-0.0564683915960964	0.034289613733565344	0.06650137979878656
0.87	-0.00998522991825751	-0.043181042396188474	0.04080547753296726	0.08082225657921138
0.88	-0.007818164663431326	-0.0277879507093981	0.04843472154876549	0.09799046029318426
0.89	-0.005514341227187691	-0.00988972895162643	0.057345211576964206	0.11852586990829073
0.9	-0.0030628921528746966	0.010980409473030583	0.06772640066832969	0.14303490697521237
0.91	-0.0004590839057718732	0.03536704331353402	0.07979155293651752	0.17222366028246405
0.92	0.002293703786587664	0.0639039165931723	0.09378012480654596	0.20691273118293685
0.93	0.005181800973732331	0.09732539932751116	0.10996015453338426	0.248053889101723
0.94	0.008178038066739834	0.13648296490443057	0.12863103227943262	0.29674922221996036
0.95	0.011239031295937507	0.1823585126194014	0.15012608947607492	0.3542724207952306