0.	-1.2919597531745763	-2.283319196953733	0.	0.
0.01	-1.2920310757515967	-2.283038456908513	0.	0.
0.02	-1.2922446861488703	-2.2821957474927155	0.	0.
0.03	-1.292600587382771	-2.280792494064776	0.	0.
0.04	-1.2930986132955749	-2.278830590036008	0.	0.
0.05	-1.2937385238214363	-2.2763126970102823	0.	0.
0.06	-1.29452001034017	-2.2732422471803413	0.	0.
0.07	-1.2954426916851327	-2.2696234553490267	0.	0.
0.08	-1.2965061090382735	-2.2654613292266723	0.	0.
0.09	-1.2977097336270615	-2.2607616826397194	0.	0.
0.1	-1.2990529496819088	-2.255531155664246	0.	0.
0.11	-1.300535062868427	-2.24977722491505	0.	0.
0.12	-1.3021552893921937	-2.243508230620865	-8.881784197001252e-16	-4.440892098500626e-16
0.13	-1.3039123032097661	-2.236733545959625	8.881784197001252e-16	0.
0.14	-1.3058060302228807	-2.2294630258172132	-1.7763568394002505e-15	0.
0.15	-1.3078349446646262	-2.2217078843377536	-8.881784197001252e-16	-2.6645352591003757e-15
0.16	-1.3099978583176508	-2.2134801702627103	-1.7763568394002505e-15	-6.217248937900877e-15
0.17	-1.3122934681836735	-2.2047929400578634	-5.329070518200751e-15	-1.554312234475219e-14
0.18	-1.314720345191418	-2.1956602909997063	-1.0658141036401503e-14	-4.3076653355456074e-14
0.19	-1.3172769231901142	-2.1860974109047255	-3.108624468950438e-14	-1.1368683772161603e-13
0.2	-1.3199614923112026	-2.17612061601953	-7.993605777301127e-14	-2.877698079828406e-13
0.21	-1.3227721873715392	-2.165747402412097	-1.8918200339612667e-13	-6.910028105266974e-13
0.22	-1.3257069711977234	-2.1549965026905418	-4.4586556668946287e-13	-1.5849543899548735e-12
0.23	-1.3287636225727413	-2.143887935374833	-1.0125233984581428e-12	-3.5123015607041452e-12
0.24	-1.331939724940984	-2.1324430777618657	-2.2248869413488137e-12	-7.51487760908276e-12
0.25	-1.3352326392191554	-2.1206847260669317	-4.737543690680468e-12	-1.5583534462848547e-11
0.26	-1.3386394957882901	-2.1086371683671308	-9.802825218230282e-12	-3.1382452192474375e-11
0.27	-1.3421571588375336	-2.0963262691227116	-1.977884522830209e-11	-6.152056641894887e-11
0.28	-1.3457822080300792	-2.0837795657841993	-3.8959946380145993e-11	-1.1761391860432013e-10
0.29	-1.3495109357940542	-2.0710263047505	-7.505729371359848e-11	-2.1966517493865467e-10
0.3	-1.3533394988573084	-2.058097443990796	-1.4165291162271387e-10	-4.0142511537055725e-10
0.31	-1.3572629955785303	-2.045026407133007	-2.622417838438196e-10	-7.187597184099559e-10
0.32	-1.3612768108074462	-2.0318481863938063	-4.768505590391214e-10	-1.262545623603728e-9
0.33	-1.3653756451269734	-2.018600138813312	-8.526388484142444e-10	-2.1781461079228848e-9
0.34	-1.3695537009818066	-2.0053219559356243	-1.5007373121989076e-9	-3.694454520086765e-9
0.35	-1.3738046194133622	-1.9920558172701814	-2.602635440496215e-9	-6.166566146603714e-9
0.36	-1.3781214430618034	-1.9788465402568698	-4.4511390129287065e-9	-1.0137634287588071e-8
0.37	-1.382496530555346	-1.9657417587116703	-7.513222932686858e-9	-1.6427385896022884e-8
0.38	-1.3869213226545405	-1.9527919816608508	-1.2525593007239877e-8	-2.625719464077747e-8
0.39	-1.3913869228896516	-1.9400513163703135	-2.0638682762808003e-8	-4.1424699004366516e-8
0.4	-1.3958830257553574	-1.9275768893511034	-3.363179423843121e-8	-6.454479750672704e-8
0.41	-1.4003984498994226	-1.9154296258264956	-5.423186344444275e-8	-9.937840239615525e-8
0.42	-1.40492086774481	-1.903674368347019	-8.658237860004192e-8	-1.51275976190135e-7
0.43	-1.4094365148002428	-1.8923805141229915	-1.3692816036581235e-7	-2.277691752983202e-7
0.44	-1.4139306762630346	-1.8816209161453403	-2.1460806820527978e-7	-3.3935240262294997e-7
0.45	-1.4183865322685127	-1.8714742878816903	-3.334867670901076e-7	-5.005014886982906e-7
0.46	-1.4227856433926007	-1.8620242028784761	-5.14004557139458e-7	-7.309899838769951e-7
0.47	-1.4271075586409774	-1.8533598149689716	-7.860974378104402e-7	-1.0575683546676373e-6
0.48	-1.4313295557986478	-1.8455763291934024	-1.1933334800318107e-6	-1.5160828608085097e-6
0.49	-1.4354264033335307	-1.8387750135379846	-1.7987392650908873e-6	-2.1541129440194595e-6
0.5	-1.4393699860422657	-1.8330650747647868	-2.69298292288056e-6	-3.0342145462824988e-6
0.51	-1.4431290059301425	-1.8285623771005453	-4.005773481807751e-6	-4.237857790245769e-6
0.52	-1.4466685296584272	-1.825391166127893	-5.92172620006437e-6	-5.870116887018995e-6
0.53	-1.4499495374536684	-1.8236844640043248	-8.702307857433311e-6	-8.065172817151023e-6
0.54	-1.4529281728336425	-1.8235847853405311	-0.000012716095329601274	-0.000010992630621542432
0.55	-1.455556027635743	-1.8252448275986444	-0.000018480313732638365	-0.00001486458030242055
0.56	-1.4577782747535872	-1.8288287591429262	-0.000026717717066304658	-0.00001994323730580838
0.57	-1.4595332611767775	-1.834511600709338	-0.00003843411085302506	-0.000026548975243123607
0.58	-1.4607520881014686	-1.8424824145219432	-0.00005502381324884453	-0.00003506791701402001
0.59	-1.4613571905030938	-1.852943950481247	-0.00007841256507390426	-0.00004595877063429121
0.6	-1.4612610497563914	-1.8661136059311396	-0.00011125055096528058	-0.000059757373310320716
0.61	-1.4603658116797131	-1.8822260809339217	-0.00015717309698892734	-0.00007707737041795504
0.62	-1.4585604960484835	-1.901532818062828	-0.0002211503230755696	-0.00009860562531893713
0.63	-1.4557199706789685	-1.9243046232821541	-0.0003099569997031537	-0.0001250882670182918
0.64	-1.451704019574029	-1.950832540602626	-0.00043280057344308176	-0.00015730442438055547
0.65	-1.446352725475804	-1.981428994850504	-0.0006021609394677441	-0.0001960247871819476
0.66	-1.4394867837080563	-2.0164306052941434	-0.0008349088170716001	-0.00024194549041656188
0.67	-1.4309030127708526	-2.0561981489726535	-0.001153792958381139	-0.00029559636610443363
0.68	-1.4203733869675021	-2.101119505325838	-0.0015894186034444147	-0.0003572115926049335
0.69	-1.4076393698342162	-2.1516099164136877	-0.002182866084885049	-0.00042656679261998676
0.7	-1.3924110100712177	-2.208113247397872	-0.002989158792513713	-0.0005027644234458784
0.71	-1.3743600892066956	-2.2711035023863677	-0.004081854445805	-0.0005839876928965815
0.72	-1.353119134234059	-2.3410856001076388	-0.005559096814038433	-0.0006672124389623946
0.73	-1.3282772995539887	-2.4185946958331326	-0.007551594864949607	-0.0007479008065600645
0.74	-1.2993749216059252	-2.5041963059292516	-0.010233142533929929	-0.000819776532182015
0.75	-1.2658999151395252	-2.598483306321227	-0.013834451881588272	-0.0008747189049893578
0.76	-1.2272866899362374	-2.7020751296734904	-0.01866132503674578	-0.0009029538378855229
0.77	-1.182914991923071	-2.815610972905761	-0.025118469409098232	-0.0008937849745924709
0.78	-1.1321089573290708	-2.9397447943435058	-0.033740783768088534	-0.0008374219861893017
0.79	-1.0741405233946866	-3.0751348959102236	-0.045234301766942764	-0.0007284229552135812
0.8	-1.0082400582331532	-3.222432686560663	-0.06052958711168266	-0.0005718468575555136
0.81	-0.933613675551709	-3.382264868394268	-0.08085152452971034	-0.00039369129603805675
0.82	-0.8494617719396231	-3.5552156184309363	-0.10781032162342807	-0.000258383899645942
0.83	-0.7550283374075883	-3.7417990402334014	-0.14351930828907022	-0.00029615806068372663
0.84	-0.6496496266564113	-3.94243355297111	-0.1907482055309595	-0.0007469894068066196
0.85	-0.5328496887904812	-4.157404858593531	-0.25311991825420144	-0.0020276694563579056
0.86	-0.40445296295838595	-4.386837001769006	-0.33536447491275645	-0.004835567363966398
0.87	-0.26476191023421514	-4.630658240852152	-0.44364146870575993	-0.010304489408816231
0.88	-0.11479063341927898	-4.8885787839370485	-0.5859487619509665	-0.02023959279199694
0.89	0.04341483828051018	-5.160102833280799	-0.7726342241207078	-0.0374656074393398
0.9	0.20634213450885852	-5.444571549766268	-1.0170233898362468	-0.06633944052787388
0.91	0.3684437648396237	-5.741299388630351	-1.336176909038965	-0.11349819525729998
0.92	0.5213945645633622	-6.0498383042013835	-1.7517767143727188	-0.18893484472657018
0.93	0.6531579755259109	-6.3704541234269865	-2.2911101543800907	-0.3075292932782956
0.94	0.7468380615141701	-6.704922930476451	-2.9880967289899	-0.4911868038236502
0.95	0.7793327658300351	-7.057792918397102	-3.884220359408359	-0.7717699419192119