0.	-0.16977561071465747	-0.7415562072122917	0.	0.
0.01	-0.18125670511045847	-0.7495813814802157	1.8596235662471372e-15	-1.3322676295501878e-15
0.02	-0.19287675868546508	-0.7569669764163272	-8.049116928532385e-16	-2.3314683517128287e-15
0.03	-0.20462528645394573	-0.7637009584016065	2.0539125955565396e-15	-3.4416913763379853e-15
0.04	-0.21649146748953918	-0.7697712812292951	9.853229343548264e-15	1.2212453270876722e-15
0.05	-0.22846438638204894	-0.7751661477732722	7.049916206369744e-15	1.1102230246251565e-16
0.06	-0.2405324977113276	-0.7798734864722149	1.1102230246251565e-15	-6.106226635438361e-15
0.07	-0.2526841136356154	-0.7838818664832896	4.496403249731884e-15	-2.220446049250313e-15
0.08	-0.26490724189066106	-0.7871795344565027	1.3766765505351941e-14	-2.4424906541753444e-15
0.09	-0.2771894875652866	-0.7897549241186463	1.6653345369377348e-15	-5.551115123125783e-15
0.1	-0.2895180989046515	-0.7915965523398267	-8.826273045769994e-15	-1.7430501486614958e-14
0.11	-0.30187995746160246	-0.7926930217635875	1.2878587085651816e-14	-5.551115123125783e-16
0.12	-0.3142615729565122	-0.7930330213741097	-1.0547118733938987e-15	-2.3314683517128287e-14
0.13	-0.3266490730632807	-0.7926053334055709	-1.942890293094024e-15	-2.3314683517128287e-15
0.14	-0.33902819105788873	-0.7913988331899257	-2.609024107869118e-15	-1.6431300764452317e-14
0.15	-0.3513842601781466	-0.7894024948559191	-3.1086244689504383e-15	-2.4424906541753444e-15
0.16	-0.3637021981988757	-0.7866053948665361	-6.161737786669619e-15	-4.3076653355456074e-14
0.17	-0.3759664986985689	-0.7829967166443922	-1.892930256985892e-14	-4.6629367034256575e-15
0.18	-0.3881610328023663	-0.7785657340997787	-2.3814283878209608e-14	-2.6201263381153694e-14
0.19	-0.40026977337541364	-0.7733019095400888	-5.312417172831374e-14	-6.161737786669619e-14
0.2	-0.4122756696265288	-0.7671947483691108	-1.192379528447418e-13	-1.2534417948018017e-13
0.21	-0.42416138181470886	-0.7602339352502943	-3.615996391204135e-13	-2.728928194528635e-13
0.22	-0.4359090650174626	-0.752409272283781	-8.678613383494849e-13	-6.684652831268068e-13
0.23	-0.4475003610736947	-0.7437107176074262	-1.839084440291572e-12	-1.4637180356658064e-12
0.24	-0.45891651573862957	-0.7341282464005953	-4.086120330981657e-12	-3.140820936664568e-12
0.25	-0.47013780179743636	-0.7236524187663183	-8.493095116079985e-12	-6.273537245249372e-12
0.26	-0.4811443406314474	-0.7122735611822416	-1.724431708538532e-11	-1.2582046515774437e-11
0.27	-0.4919155132957421	-0.6999823284636348	-3.414851734717672e-11	-2.440925239710623e-11
0.28	-0.502430078563882	-0.6867695834125783	-6.592548729145165e-11	-4.6286530164252326e-11
0.29	-0.5126661482106419	-0.6726264102633239	-1.2410272809404432e-10	-8.592948574914772e-11
0.3	-0.5226011594856976	-0.6575441322275957	-2.290084788469926e-10	-1.5623402571662837e-10
0.31	-0.5322118457648525	-0.6415143312196584	-4.139334430774966e-10	-2.7860413975844267e-10
0.32	-0.5414742065896757	-0.6245288669054204	-7.338775143139742e-10	-4.878296655519421e-10
0.33	-0.5503634729017167	-0.6065799011454854	-1.2781807834372216e-9	-8.398191031488977e-10
0.34	-0.558854074503497	-0.5876599207061796	-2.189082914938467e-9	-1.4231531508812623e-9
0.35	-0.5669195995929839	-0.5677617688254589	-3.689896166392259e-9	-2.375890262307223e-9
0.36	-0.5745327559158172	-0.5468786705996395	-6.127188312277099e-9	-3.9114921301930394e-9
0.37	-0.5816653291405132	-0.5250042692798906	-1.003103455854415e-8	-6.355530102197804e-9
0.38	-0.5882881344057651	-0.5021326628935413	-1.620319611816967e-8	-1.0199844857616824e-8
0.39	-0.5943709643749324	-0.4782584404759649	-2.584165381680492e-8	-1.6179787343251206e-8
0.4	-0.5998825537688496	-0.4533767406985927	-4.071771353419962e-8	-2.538534388252245e-8
0.41	-0.6047904321727633	-0.42748345781073466	-6.342215697063835e-8	-3.941754950220755e-8
0.42	-0.6090611493323225	-0.4005745982026107	-9.770860176505636e-8	-6.060945451080713e-8
0.43	-0.6126597844446251	-0.3726474031334543	-1.489623537853646e-7	-9.233472836323031e-8
0.44	-0.6155501686462925	-0.3436997029156379	-2.2484131756428383e-7	-1.3943736532073814e-7
0.45	-0.6176947320424582	-0.31373017008901893	-3.3613959193878884e-7	-2.088244508424708e-7
0.46	-0.6190544221723953	-0.28273839650046095	-4.979467842503027e-7	-3.1028377844855015e-7
0.47	-0.6195886145867453	-0.2507249829584247	-7.311883993832424e-7	-4.575994889677304e-7
0.48	-0.6192550155743018	-0.21769163650197845	-1.0646590052898475e-6	-6.700747988974687e-7
0.49	-0.61800955726607	-0.18364127953578357	-1.5376875184269778e-6	-9.745934382854315e-7
0.5	-0.6158062819124595	-0.1485781667471071	-2.203602010864003e-6	-1.4084061564223482e-6
0.51	-0.6125972144675152	-0.11250802018241657	-3.1342094665154363e-6	-2.022873108908918e-6
0.52	-0.6083322245175539	-0.07543817138140407	-4.425537169394644e-6	-2.8884784796234797e-6
0.53	-0.6029588711829179	-0.03737772569300496	-6.205147863314053e-6	-4.101517980359404e-6
0.54	-0.5964222325916644	0.0016622628389986738	-8.641388066776834e-6	-5.792990276143328e-6
0.55	-0.5886647134366562	0.04166859543029333	-0.000011954998346941359	-8.140370806541952e-6
0.56	-0.5796258320372347	0.08262571026359691	-0.000016433578302721408	-0.000011383152504595984
0.57	-0.5692419762377323	0.12451545116430535	-0.000022449465514662315	-0.000015843289489919643
0.58	-0.5574461305943081	0.1673168036757009	-0.000030481655331926483	-0.000021952003258607355
0.59	-0.5441675605017502	0.21100561564357598	-0.000041142431908558486	-0.000030284812812614303
0.6	-0.5293314517152159	0.2555542901303277	-0.0000552094073734688	-0.000041607175660374196
0.61	-0.5128584940568881	0.30093145528636966	-0.00007366365116845408	-0.00005693376449794618
0.62	-0.49466439750971797	0.3471016120336516	-0.00009773449790423383	-0.00007760521021027422
0.63	-0.4746593240726442	0.3940247634122341	-0.00012895143502694717	-0.00010538716267455284
0.64	-0.452747225130554	0.44165603081254573	-0.00016920312017892902	-0.00014259775484631865
0.65	-0.42882505856634034	0.4899452653555284	-0.0002208029995482974	-0.00019227111294828347
0.66	-0.4027818619886533	0.5388366715571046	-0.0002865601031684095	-0.0002583664374419259
0.67	-0.37449765513845534	0.5882684616947166	-0.00036985221470098306	-0.000346034512328508
0.68	-0.3438421341504221	0.6381725753531284	-0.0004746966218590054	-0.00046195627081335733
0.69	-0.3106731238310851	0.6884745032842075	-0.0006058107166014293	-0.000614771445989426
0.7	-0.27483473282149157	0.7390932841504068	-0.0007686505839926694	-0.0008156192896072723
0.71	-0.23615517442653194	0.7899417547573375	-0.0009694098294220077	-0.001078818053939834
0.72	-0.1944442962791279	0.8409269667951071	-0.0012149524907722475	-0.0014227153313106644
0.73	-0.14949017444380652	0.8919522007624976	-0.0015126436817143873	-0.0018707471098676764
0.74	-0.10105609922928138	0.9429176078333398	-0.0018700222805841382	-0.0024527506800430254
0.75	-0.0488762450707515	0.9937240480618146	-0.0022942437822213724	-0.00320658205740032
0.76	0.007348822349519724	1.0442773248810069	-0.00279118611922341	-0.004180095704350739
0.77	0.06795714073870246	1.0944946358589114	-0.003364073320307248	-0.005433548115455933
0.78	0.13333061575974703	1.1443137401874117	-0.004011414697618232	-0.007042487502330719
0.79	0.2039001200145829	1.1937055855748784	-0.004723980021881569	-0.009101184710640364
0.8	0.28015030499154026	1.2426928124391279	-0.00548042990378933	-0.011726642966024325
0.81	0.3626207316808334	1.2913729469428028	-0.006241064365195392	-0.015063180678566157
0.82	0.4519062932539444	1.339951807817387	-0.00693897647014341	-0.01928749782804129
0.83	0.5486475081284414	1.3887875810284518	-0.007467600744439085	-0.02461401817593334
0.84	0.6535115304658872	1.4384472453860502	-0.007663288378377597	-0.031300018265916885
0.85	0.767150339630948	1.489783935628926	-0.007281002876658449	-0.03964971255509586
0.86	0.890128755921914	1.5440313169063085	-0.005960500315475681	-0.05001567991753553
0.87	1.0227999352957504	1.6029242534878179	-0.0031793484685420648	-0.0627949356139419
0.88	1.1650946028065634	1.6688362958955738	0.0018124609160998784	-0.07841481945118778
0.89	1.3161753954826314	1.7449290348958282	0.010083561683049691	-0.09730036223584904
0.9	1.4738794618724316	1.8352798339192435	0.023148395733034732	-0.11980829600787835
0.91	1.6338148829891073	1.944905988341112	0.043145699308047014	-0.14610056270885563
0.92	1.7879038705340102	2.079497996296549	0.07309030799184191	-0.17590593121907183
0.93	1.9220700678323555	2.2444385159219737	0.11722861049785482	-0.20806705988272212
0.94	2.0125472028665747	2.442109254242778	0.18153729586574752	-0.23965318403773628
0.95	2.020231874683713	2.6650104807745945	0.2743877169659452	-0.26412172957038216